0 0.19531250000000003 0.2078125 0.06562500000000003 0.2078125 0.06562500000000004 0.5515625 0.19531250000000006 0.5515625
0 0.14375000000000007 0.640625 0.0031250000000000782 0.640625 0.0031250000000000865 0.7734375 0.1437500000000001 0.7734375
0 0.3437500000000001 0.7359375 0.2375000000000001 0.7359375 0.2375000000000001 0.8984375 0.3437500000000001 0.8984375
0 0.69375 0.17968750000000008 0.2765625 0.17968750000000006 0.27656250000000004 0.853125 0.69375 0.853125
0 0.7843750000000002 0.7375 0.6953125 0.7375 0.6953125000000001 0.9375 0.7843750000000003 0.9375
0 0.6890625000000001 0.790625 0.5546875 0.790625 0.5546875000000001 0.940625 0.6890625000000002 0.940625
0 0.8609375 0.2437500000000001 0.7546875 0.2437500000000001 0.7546875 0.3968750000000001 0.8609375 0.3968750000000001
0 0.3171875 0.0015625000000000341 0.2359375 0.0015625000000000291 0.2359375 0.15625000000000006 0.3171875 0.15625000000000006
0 0.1375 0.003125000000000012 0.053125 0.003125000000000007 0.053125000000000006 0.11562500000000002 0.1375 0.11562500000000003
0 0.8875 0.5484375 0.7484375 0.5484375 0.7484375 0.8109375 0.8875 0.8109375
0 0.8921875 0.3953125000000001 0.784375 0.3953125000000001 0.784375 0.5109375 0.8921875 0.5109375
0 0.7828125 0.37656250000000013 0.6859375 0.37656250000000013 0.6859375 0.5484375 0.7828125 0.5484375
0 0.25468750000000007 0.4125 0.19531250000000006 0.4125 0.19531250000000006 0.5328125 0.2546875000000001 0.5328125
0 0.4734375 0.09531250000000005 0.3953125 0.09531250000000005 0.3953125 0.19375000000000006 0.4734375 0.19375000000000006