0 0.21875 0.09765625000000003 0.119140625 0.09765625000000003 0.11914062500000001 0.16796875 0.21875 0.16796875
0 0.18359375000000003 0.1796875 0.11328125000000003 0.1796875 0.11328125000000003 0.328125 0.18359375000000006 0.328125
0 0.421875 0.16992187500000006 0.357421875 0.16992187500000006 0.357421875 0.296875 0.421875 0.296875
0 0.44921875 0.24804687500000006 0.375 0.24804687500000006 0.375 0.396484375 0.44921875 0.396484375
0 0.36328125000000006 0.38671875 0.294921875 0.38671875 0.29492187500000006 0.4609375 0.3632812500000001 0.4609375
0 0.4394531250000001 0.462890625 0.3261718750000001 0.462890625 0.3261718750000001 0.57421875 0.4394531250000001 0.57421875
0 0.556640625 0.49804687500000006 0.4160156250000001 0.498046875 0.4160156250000001 0.58984375 0.556640625 0.58984375
0 0.560546875 0.24609375000000006 0.431640625 0.24609375000000006 0.431640625 0.44531250000000006 0.560546875 0.4453125000000001
0 0.64453125 0.3808593750000001 0.568359375 0.3808593750000001 0.568359375 0.4941406250000001 0.64453125 0.4941406250000001
0 0.724609375 0.4394531250000001 0.646484375 0.4394531250000001 0.646484375 0.525390625 0.724609375 0.525390625
0 0.625 0.4921875000000001 0.5703125 0.4921875000000001 0.5703125 0.587890625 0.625 0.587890625
0 0.80078125 0.23437500000000008 0.650390625 0.23437500000000006 0.650390625 0.4003906250000001 0.80078125 0.4003906250000001
0 0.83203125 0.4062500000000001 0.76953125 0.4062500000000001 0.76953125 0.4941406250000001 0.83203125 0.4941406250000001
0 0.8984375 0.501953125 0.779296875 0.501953125 0.779296875 0.634765625 0.8984375 0.634765625
0 0.708984375 0.544921875 0.62890625 0.544921875 0.62890625 0.650390625 0.708984375 0.650390625
0 0.580078125 0.62890625 0.3203125000000001 0.62890625 0.3203125000000001 0.8359375 0.580078125 0.8359375
0 0.3164062500000001 0.552734375 0.21289062500000006 0.552734375 0.21289062500000006 0.666015625 0.3164062500000001 0.666015625
0 0.18359375000000006 0.59765625 0.08984375000000008 0.59765625 0.08984375000000008 0.6640625 0.18359375000000006 0.6640625
0 0.333984375 0.287109375 0.296875 0.287109375 0.296875 0.341796875 0.333984375 0.341796875
0 0.60546875 0.3398437500000001 0.556640625 0.3398437500000001 0.556640625 0.4003906250000001 0.60546875 0.4003906250000001