0 0.599609375 0.44921875000000006 0.40234375 0.44921875 0.40234375000000006 0.6328125 0.599609375 0.6328125
0 0.84765625 0.3242187500000001 0.572265625 0.3242187500000001 0.572265625 0.6171875 0.84765625 0.6171875
0 0.599609375 0.19726562500000006 0.505859375 0.19726562500000006 0.505859375 0.3320312500000001 0.599609375 0.3320312500000001
0 0.697265625 7.929109646823195e-17 0.59765625 7.319178135529103e-17 0.59765625 0.17773437500000008 0.697265625 0.1777343750000001
0 0.859375 0.14648437500000008 0.634765625 0.14648437500000006 0.634765625 0.4199218750000001 0.859375 0.4199218750000001
0 1 0.3222656250000001 0.81640625 0.3222656250000001 0.81640625 0.5742187500000001 1 0.5742187500000002
0 1 0.5585937500000001 0.90234375 0.55859375 0.90234375 0.7792968750000001 1 0.7792968750000002
0 0.8964843750000001 0.677734375 0.771484375 0.677734375 0.7714843750000001 0.91015625 0.8964843750000002 0.91015625
0 0.9511718750000002 0.9160156250000001 0.8593750000000002 0.916015625 0.8593750000000002 1 0.9511718750000002 1
0 0.46484375 3.635670184968705e-17 0.12890625 1.578646264525885e-17 0.12890625000000003 0.40625000000000006 0.46484375 0.4062500000000001
0 0.20312500000000008 0.41796875 0.07617187500000006 0.41796875 0.07617187500000007 0.689453125 0.2031250000000001 0.689453125
0 0.36132812500000006 0.40625 0.20117187500000006 0.40625 0.20117187500000006 0.6015625 0.3613281250000001 0.6015625
0 0.4550781250000001 0.775390625 0.3750000000000001 0.775390625 0.3750000000000001 0.904296875 0.4550781250000001 0.904296875
0 0.4335937500000001 0.875 0.3203125000000001 0.875 0.3203125000000001 1 0.4335937500000001 1
0 0.3164062500000001 0.72265625 8.849986634463295e-17 0.72265625 1.0548227312968413e-16 1 0.3164062500000001 1