0 0.263671875 0.01562500000000002 0.068359375 0.015625000000000007 0.06835937500000001 0.306640625 0.263671875 0.306640625
0 0.37890625 0.21679687500000006 0.240234375 0.21679687500000006 0.24023437500000003 0.357421875 0.37890625 0.357421875
0 0.5625 5.668775222615677e-17 0.36328125 4.448912200027494e-17 0.36328125 0.14453125000000006 0.5625 0.14453125000000006
0 0.650390625 0.11718750000000007 0.47265625 0.11718750000000006 0.47265625 0.3281250000000001 0.650390625 0.3281250000000001
0 0.8359375 9.352283173176077e-17 0.69140625 8.467284509729747e-17 0.69140625 0.2343750000000001 0.8359375 0.2343750000000001
0 1 0.05468750000000012 0.904296875 0.05468750000000011 0.904296875 0.3320312500000001 1 0.3320312500000001
0 1 0.3984375000000001 0.908203125 0.3984375000000001 0.908203125 0.6484375000000002 1 0.6484375000000002
0 0.9746093750000001 0.6875000000000001 0.7578125 0.6875 0.7578125000000001 1 0.9746093750000002 1
0 0.888671875 0.2812500000000001 0.642578125 0.2812500000000001 0.642578125 0.572265625 0.888671875 0.572265625
0 0.611328125 0.33984375000000006 0.283203125 0.33984375 0.28320312500000006 0.720703125 0.611328125 0.720703125
0 0.2656250000000001 0.50390625 0.10742187500000006 0.50390625 0.10742187500000007 0.681640625 0.2656250000000001 0.681640625
0 0.15234375000000006 0.296875 3.6356701849687046e-17 0.296875 5.3697891876675935e-17 0.580078125 0.15234375000000006 0.580078125
0 0.0859375000000001 0.677734375 8.299852330158819e-17 0.677734375 9.974174125868092e-17 0.951171875 0.08593750000000011 0.951171875
0 0.3320312500000001 0.71484375 0.1406250000000001 0.71484375 0.1406250000000001 0.978515625 0.3320312500000001 0.978515625
0 0.6347656250000001 0.759765625 0.3945312500000001 0.759765625 0.3945312500000001 1 0.6347656250000002 1