0 0.451171875 0.027343750000000045 0.279296875 0.027343750000000035 0.279296875 0.21875000000000006 0.451171875 0.21875000000000006
0 0.615234375 0.15820312500000006 0.5546875 0.15820312500000006 0.5546875 0.21875000000000006 0.615234375 0.21875000000000006
0 0.2890625 0.16601562500000003 0.177734375 0.166015625 0.17773437500000003 0.265625 0.2890625 0.265625
0 0.31640625 0.24804687500000003 0.16601562500000006 0.248046875 0.16601562500000006 0.34375 0.31640625 0.34375
0 0.41796875 0.23828125000000006 0.279296875 0.23828125000000006 0.279296875 0.357421875 0.41796875 0.357421875
0 0.484375 0.24218750000000006 0.38671875 0.24218750000000006 0.38671875 0.34375000000000006 0.484375 0.3437500000000001
0 0.49609375 0.30859375000000006 0.40234375 0.30859375 0.40234375 0.40039062500000006 0.49609375 0.4003906250000001
0 0.630859375 0.2656250000000001 0.484375 0.2656250000000001 0.48437500000000006 0.5234375 0.630859375 0.5234375
0 0.359375 0.33203125 0.267578125 0.33203125 0.267578125 0.404296875 0.359375 0.404296875
0 0.45898437500000006 0.35156250000000006 0.279296875 0.3515625 0.27929687500000006 0.48828125000000006 0.4589843750000001 0.4882812500000001
0 0.34960937500000006 0.4296875 0.20898437500000006 0.4296875 0.20898437500000006 0.5546875 0.3496093750000001 0.5546875
0 0.2871093750000001 0.5 0.16015625000000006 0.5 0.16015625000000006 0.646484375 0.2871093750000001 0.646484375
0 0.603515625 0.5390625 0.3417968750000001 0.5390625 0.3417968750000001 0.78125 0.603515625 0.78125
0 0.634765625 0.673828125 0.552734375 0.673828125 0.552734375 0.759765625 0.634765625 0.759765625
0 0.677734375 0.599609375 0.623046875 0.599609375 0.623046875 0.671875 0.677734375 0.671875
0 0.595703125 0.763671875 0.541015625 0.763671875 0.541015625 0.826171875 0.595703125 0.826171875
0 0.6933593750000001 0.83203125 0.55078125 0.83203125 0.5507812500000001 0.978515625 0.6933593750000002 0.978515625
0 0.4433593750000001 0.6484375 0.3222656250000001 0.6484375 0.3222656250000001 0.79296875 0.4433593750000001 0.79296875