0 0.16210937500000006 0.46484375 0.044921875000000056 0.46484375 0.04492187500000006 0.6015625 0.16210937500000006 0.6015625
0 0.21679687500000008 0.583984375 0.11132812500000008 0.583984375 0.11132812500000008 0.70703125 0.2167968750000001 0.70703125
0 0.2578125000000001 0.515625 0.15039062500000006 0.515625 0.15039062500000006 0.646484375 0.2578125000000001 0.646484375
0 0.26562500000000006 0.453125 0.16992187500000006 0.453125 0.16992187500000006 0.56640625 0.2656250000000001 0.56640625
0 0.33984375000000006 0.353515625 0.19726562500000006 0.353515625 0.19726562500000006 0.4609375 0.3398437500000001 0.4609375
0 0.42773437500000006 0.427734375 0.263671875 0.427734375 0.26367187500000006 0.576171875 0.4277343750000001 0.576171875
0 0.4824218750000001 0.537109375 0.3320312500000001 0.537109375 0.3320312500000001 0.716796875 0.4824218750000001 0.716796875
0 0.60546875 0.41406250000000006 0.443359375 0.4140625 0.44335937500000006 0.5390625 0.60546875 0.5390625
0 0.564453125 0.32812500000000006 0.39453125 0.328125 0.39453125000000006 0.45703125000000006 0.564453125 0.4570312500000001
0 0.654296875 0.3808593750000001 0.533203125 0.3808593750000001 0.533203125 0.513671875 0.654296875 0.513671875
0 0.72265625 0.3515625000000001 0.59765625 0.3515625000000001 0.59765625 0.4375000000000001 0.72265625 0.4375000000000001
0 0.740234375 0.4257812500000001 0.6328125 0.4257812500000001 0.6328125 0.521484375 0.740234375 0.521484375
0 0.81640625 0.4394531250000001 0.6875 0.4394531250000001 0.6875 0.552734375 0.81640625 0.552734375
0 0.7421875 0.4921875000000001 0.634765625 0.4921875000000001 0.634765625 0.59375 0.7421875 0.59375
0 0.8203125 0.521484375 0.568359375 0.521484375 0.568359375 0.74609375 0.8203125 0.74609375
0 0.98828125 0.6191406250000001 0.8359375 0.619140625 0.8359375 0.8515625000000001 0.98828125 0.8515625000000002
0 0.9882812500000001 0.8671875000000001 0.78125 0.8671875 0.7812500000000001 1 0.9882812500000002 1
0 0.921875 0.4472656250000001 0.828125 0.4472656250000001 0.828125 0.5683593750000001 0.921875 0.5683593750000002
0 1 0.4648437500000001 0.89453125 0.4648437500000001 0.89453125 0.6289062500000001 1 0.6289062500000002
0 0.916015625 0.4941406250000001 0.771484375 0.4941406250000001 0.771484375 0.6464843750000001 0.916015625 0.6464843750000002
0 0.07421875000000007 0.4765625 5.836207402186606e-17 0.4765625 6.685327741439165e-17 0.615234375 0.07421875000000008 0.615234375
0 0.3691406250000001 0.556640625 0.22656250000000006 0.556640625 0.22656250000000008 0.724609375 0.3691406250000001 0.724609375
0 0.51953125 0.60546875 0.4355468750000001 0.60546875 0.4355468750000001 0.701171875 0.51953125 0.701171875