0 0.38296499822288316 0.10278839655131036 0.142277775390625 0.011255849609375014 0.06083414240211692 0.22541400969868974 0.30152136523437506 0.3169465566406251
0 0.26141458007812507 0.37668490625 0.14156499791206187 0.20894283387938034 -0.014038726765466969 0.32011972064682537 0.1058108554005962 0.4878617930174451
0 0.7830789437198951 0.14915673789797657 0.6478081464843749 0.021916365234375068 0.5152721910457296 0.16281696132077356 0.6505429882812499 0.29005733398437505
0 0.001973196028824095 0.000285471271632507 0.0015587285156249996 0.00007104882812499999 0.0013304172524259048 0.0005123627127424933 0.001744884765625 0.0007267851562500003
0 0.6541920828302407 0.40920058183283925 0.5853727519531249 0.2580621113281251 0.44902734099788394 0.32014557637028584 0.5178466718749998 0.471284046875
0 0.7994251796875 0.3573294414062501 0.6328235976454631 0.31908890043762034 0.591852904286088 0.4975848672344953 0.758454486328125 0.5358254082031251
0 0.9316482109845136 0.9294240455261391 0.912988943359375 0.689596623046875 0.6941452440936114 0.7066232962707357 0.71280451171875 0.9464507187499999
0 0.5224578497525091 0.5158844049648983 0.48254586523437487 0.32961064843750004 0.3111549080599908 0.3663337669101018 0.35106689257812496 0.5526075234375
0 0.3933333339843751 0.468692396484375 0.19629666601562507 0.468692396484375 0.1962966660156251 0.699176267578125 0.3933333339843751 0.699176267578125
0 0.22160332820781037 0.5775625073134991 0.044397189453125055 0.5481547714843751 0.014290249684561981 0.7295741972132774 0.19149638843924727 0.7589819330424015
0 0.38935728515625007 0.679121525390625 0.17891824023437505 0.66643880859375 0.16437516026177507 0.9077460859438597 0.37481420518365005 0.9204288027407347
0 0.6273819628906251 0.66286274609375 0.5356817334574192 0.48691301508530255 0.36511369439491925 0.5758084525853026 0.45681392382812513 0.75175818359375