7 0.4611611415514211 0.4410437776780257 0.42005478515625005 0.43487782421875 0.40890498930795394 0.5092097965407244 0.450011345703125 0.5153757500000001
7 0.5093969695654366 0.6001595360000469 0.50717978515625 0.517384677734375 0.45530108316893847 0.5187742862655781 0.457518267578125 0.60154914453125
7 0.4533025522682342 0.5040990580585579 0.40379482812500006 0.49580388085937505 0.3899946157005159 0.5781670532695672 0.43950233984375003 0.5864622304687501
7 0.41986874293710114 0.4821727125981915 0.3966289484071645 0.4708728550741338 0.37137726211068844 0.5228066073196924 0.3946170566406251 0.5341064648437501
7 0.40936421978932513 0.5079465231375629 0.36830136825588633 0.4818094779524773 0.3165438379196863 0.5631236345024144 0.357606689453125 0.5892606796875001
7 0.5928835755977379 0.5086266304322011 0.5568512812499999 0.480427443359375 0.4907187271366371 0.564930150817799 0.526751021484375 0.5931293378906252
7 0.5491512246075199 0.46603677151436845 0.5160467362549856 0.46479535351288237 0.5136132245380909 0.529689015592264 0.5467177128906251 0.5309304335937501
7 0.5361138926098765 0.4673498192472635 0.52605881640625 0.417928787109375 0.5007676444994984 0.4230744639558616 0.510822720703125 0.47249549609375013
7 0.42042950979011107 0.5866536457466799 0.38083956250000006 0.5698158476562502 0.33582241208488894 0.6756626218314453 0.37541235937499995 0.692500419921875
7 0.4390357363862387 0.6791427839933564 0.43251279296874995 0.6065130585937502 0.3868855487700111 0.6106108839753939 0.39340849218749985 0.6832406093750001
7 0.4815077190052449 0.5992110604073295 0.44229656640625015 0.5942306113281252 0.4322109548228803 0.6736347872489208 0.47142210742187507 0.6786152363281251
7 0.530248185657767 0.672728781592476 0.527312638671875 0.594447517578125 0.47108961902973284 0.596555880516899 0.47402516601562494 0.67483714453125
7 0.40884238279261953 0.54643298690152 0.3892578125 0.5354166660156251 0.35463417970738054 0.59696979044223 0.37421875000000004 0.6079861113281249
7 0.5841218897781748 0.5510912933268567 0.5384924257029029 0.5492579667937273 0.5361806960809783 0.6067943531543707 0.5818101601562502 0.6086276796875001
7 0.562890625 0.58125 0.516796875 0.58125 0.516796875 0.620486111328125 0.562890625 0.620486111328125
7 0.5932275802856543 0.7154245498392934 0.5350345800781251 0.7124487714843752 0.5296111755737211 0.8185064618794571 0.5878041757812502 0.8214822402343752
7 0.5623048424885239 0.7747387774539823 0.546150595703125 0.68749908203125 0.49384375516772605 0.6971847830928927 0.509998001953125 0.784424478515625
7 0.4464843750000001 0.7381944453125 0.3953125000000001 0.7381944453125 0.3953125000000001 0.82534722265625 0.4464843750000001 0.82534722265625
7 0.4490397305296433 0.7316499615215516 0.430315705078125 0.66080806640625 0.3881995116578567 0.6719396810565734 0.406923537109375 0.742781576171875
7 0.41726806535987226 0.6610544564223311 0.37764965652883054 0.6448866497073651 0.3396190364814584 0.7380787987537842 0.37923744531250014 0.7542466054687501
7 0.41176912477375577 0.7210014452488687 0.3842578125000001 0.713263888671875 0.36291837522624437 0.7891374434230062 0.39042968750000007 0.796875
7 0.46990438406854496 0.7332141178775446 0.46727046484375 0.662976279296875 0.4376246530408301 0.6640879973568303 0.44025857226562504 0.7343258359375
7 0.515813308830382 0.7202600427666871 0.48107888671875004 0.6545260839843751 0.45235627825346075 0.6697033717221241 0.4870907003650927 0.7354373305044362
7 0.475270223641855 0.7282915616810632 0.4349191796896361 0.7269564179041953 0.43329523925090624 0.7760355456762571 0.47364628320312513 0.777370689453125
7 0.5324530770117193 0.7840976435546833 0.4798377402343751 0.77817841796875 0.4689892296289059 0.8746096201171917 0.5216045664062501 0.880528845703125
7 0.4771842708379843 0.7889112949996296 0.441998267578125 0.787674287109375 0.43934357486514075 0.8631855487503703 0.4745295781250001 0.864422556640625
7 0.5112936832934039 0.7961372715845625 0.50740269921875 0.7239996542968749 0.4754163499097211 0.7257249452123122 0.4793073339843749 0.7978625624999999
7 0.5787381547370346 0.7053473349426027 0.5717033004658589 0.6629497832554565 0.5228872687756992 0.671049629953479 0.5299221230468749 0.7134471816406251
7 0.5717072585957279 0.6161275145121298 0.5279296875 0.6138888886718751 0.5249596222636472 0.6719701632222455 0.5687371933593751 0.6742087890625001
7 0.5994536421119673 0.7118025048700373 0.588842447265625 0.6449198125 0.5632350083266129 0.6489825305884751 0.5738462031729552 0.7158652229585124
7 0.5776676998128887 0.4112031613132337 0.5337938320312499 0.4045437343750001 0.5247323763589864 0.4642427312648914 0.5686062441406251 0.47090215820312503
7 0.6073243251379303 0.369741472498576 0.56199028125 0.36162770898437513 0.5491631279870697 0.4332968829701742 0.5944971718750001 0.44141064648437506
7 0.3632553756778375 0.6711553344844854 0.357508244140625 0.6020394999999998 0.3105604348824492 0.6059433121611807 0.31630756641966173 0.6750591466456662
7 0.3662256590327584 0.6636308155500561 0.34609021484375 0.6601212929687501 0.3348239034672417 0.724760336793694 0.3549593476562501 0.728269859375
7 0.3898049787212301 0.8260269405755767 0.3695986640625001 0.75254943359375 0.34173211307564494 0.7602127352056733 0.36193842773437496 0.8336902421875
7 0.41935406860096397 0.8482197645202988 0.3911970136718749 0.7755179531249999 0.3589307048365359 0.7880145362609511 0.38708775976562493 0.8607163476562499
7 0.37650520303480384 0.7590518113402092 0.36184800781249987 0.727951240234375 0.34427688485582103 0.7362322257691659 0.358934080078125 0.7673327968750001
7 0.6190986441442601 0.7773083375853883 0.601608533203125 0.6988341874999999 0.5728625331754078 0.7052410199289154 0.590352644116543 0.7837151700143038
7 0.6012862937556568 0.6498427240392439 0.5669329589843749 0.600001873046875 0.5456133956974681 0.6146966079920061 0.57996673046875 0.664537458984375
7 0.6095845533026684 0.5660793142142562 0.57184598828125 0.522324455078125 0.5498049525567066 0.5413348478951188 0.587543517578125 0.58508970703125
7 0.6288715465558556 0.5762142340713675 0.5834645429687502 0.5541987187500004 0.5686194378191445 0.584816750303633 0.61402644140625 0.6068322656250003
7 0.6052226309675225 0.5151936899168412 0.5598571386718751 0.4727464453125001 0.541276149370751 0.4926048774638169 0.5866416416663983 0.535052122068158
7 0.6160176807819323 0.6812719040816614 0.6157715703125001 0.63708144140625 0.5850910555461928 0.6372523107620887 0.585337166015625 0.6814427734375
7 0.654935384097967 0.7132953844555401 0.62450407421875 0.654867265625 0.5963374631748597 0.6695373745739119 0.6267687730540767 0.727965493404452
7 0.616438086521933 0.6306835760736053 0.5880078125000001 0.587916666015625 0.5681578177749422 0.6011124004888948 0.5965880917968751 0.6438793105468751
7 0.41628216147085845 0.44857729235436156 0.3938877714843749 0.37981068554687497 0.36016930923226653 0.3907913697550135 0.38256369921875 0.4595579765625001
7 0.6626750519412729 0.4973859280777746 0.6132123632812501 0.4732041679687501 0.5996692422099392 0.5009060051392069 0.649131930869962 0.5250877652482315
7 0.6160620892448115 0.49577360980482116 0.578862671875 0.494204259765625 0.5768227818489384 0.5425572202733039 0.61402219921875 0.5441265703125001
7 0.5815446027678827 0.8488352533861048 0.527603666015625 0.7617581874999999 0.4944961960602422 0.7822670083326453 0.5484371328125 0.86934407421875
7 0.65078125 0.5875 0.616015625 0.5875 0.616015625 0.636458333984375 0.65078125 0.636458333984375
7 0.6246063537376207 0.6405551590379212 0.622660845703125 0.5955923203125 0.6011266423561293 0.5965240890089538 0.6030721503906251 0.641486927734375
7 0.6270791138605473 0.41904261144129806 0.59922167578125 0.4087250410156251 0.5928086398101025 0.4260402368510724 0.6206660778893998 0.43635780727674534
7 0.6328698763909495 0.4564952195324093 0.6052734375000001 0.4409722226562502 0.5694738736090506 0.504615891795716 0.5970703124999999 0.520138888671875
7 0.5853775061401992 0.4086416879768331 0.554067095703125 0.31587009765625007 0.5114058378095243 0.33026827159931493 0.5427162482465986 0.42303986191989795
7 0.6408403827071449 0.7413824956910317 0.6183714160156248 0.7074670742187502 0.6025837203503684 0.7179264225812176 0.6250526870418884 0.7518418440534991
7 0.6239213556497595 0.7607429029184324 0.616424978515625 0.725204529296875 0.6033822615377404 0.7279557279409427 0.6108786386718749 0.7634941015625001
7 0.6245391237158268 0.7255018034706893 0.607021396484375 0.69058431640625 0.591206655581048 0.6985184016074357 0.6087243828124999 0.7334358886718751
7 0.502760366610273 0.4422577612070046 0.5017030390612762 0.4000307147948762 0.4382012603416281 0.4016207426503716 0.43925858789062494 0.44384778906250005
7 0.4768814329061526 0.4310732498193408 0.462776669921875 0.32798658984375006 0.38681280146884733 0.33838029510253426 0.40091756445312493 0.441466955078125
7 0.5440602293670975 0.3752600926225446 0.4571687910156251 0.31861975000000015 0.4244364952422775 0.36883406948683073 0.51132793359375 0.4254744121093752
7 0.4092077278275462 0.5650267905839514 0.3855455273437501 0.5639176250000001 0.383840492875579 0.6002916957441736 0.4075026933593751 0.601400861328125
7 0.5255628338389646 0.45485862107972586 0.45364964453125006 0.44711039843750006 0.4467138692860355 0.5114830605608993 0.51862705859375 0.5192312832031252
7 0.4522544562989614 0.5825381242461498 0.43606203515625 0.5681167500000001 0.40915372729478866 0.5983295886444753 0.4253461484375 0.6127509628906251
7 0.45668213037936767 0.5943878978947768 0.441319623046875 0.5859800390625001 0.4200948090737574 0.6247611802302233 0.4354573164062501 0.6331690390625
7 0.6442683828729792 0.44661681454521085 0.6168009140625 0.40523801953125005 0.5405531561895209 0.45585169522041435 0.568020625 0.49723049023437516
7 0.5467912785516583 0.37385579490421333 0.5333299236001685 0.3719985094646976 0.5289184946578852 0.4039719528417343 0.542379849609375 0.40582923828125006
7 0.3711001770008192 0.5907429765061344 0.35391561914062497 0.5663314375 0.30340185034293077 0.6018907188063658 0.320586408203125 0.6263022578125002
7 0.6513109047994539 0.5446140425813991 0.6326856654674684 0.5147957510755472 0.5806159891836395 0.5473197534160231 0.599241228515625 0.577138044921875
7 0.6417107190648457 0.59377857753663 0.640848623046875 0.5508653671874999 0.6104979645289041 0.55147509043212 0.6113600605468749 0.59438830078125
7 0.6391783918899997 0.5168529032038205 0.6054831621093751 0.5000052871093752 0.5954306627975005 0.52011028429618 0.629125892578125 0.5369579003906252
7 0.5302055578062498 0.42024228871194236 0.5286597890625 0.37352576171874996 0.5072333035218752 0.3742347269130576 0.508779072265625 0.42095125390625