7 0.4771443855228501 0.432113306600493 0.4630496874999999 0.32932748437500003 0.38726697775839974 0.33971933011825706 0.4013616757812499 0.44250515234375004
7 0.5445247320696792 0.3765147532161037 0.45767069726562504 0.3186120625000001 0.42417710687262844 0.36885244735480993 0.5110311416766827 0.42675513807091353
7 0.5256973875383048 0.45528909997621364 0.45348098046875 0.447952830078125 0.4469223116604948 0.5125147263920473 0.5191387187300496 0.519850996290136
7 0.46182701564137185 0.4415619653218118 0.42124577734375 0.4345382890625 0.4089563456867531 0.5055438901469382 0.44953758398437493 0.51256756640625
7 0.45375809248173166 0.5041435799553297 0.40307390234375 0.4959073984375 0.3897095325182684 0.5781496680915453 0.44039372265625004 0.586385849609375
7 0.4216750644841252 0.5875322220964919 0.3823165432965058 0.5698580969263705 0.3351458108436306 0.6749026326423788 0.37450433203125 0.6925767578125002
7 0.43885004953386403 0.6791683939609825 0.43276601171875007 0.607273373046875 0.387168182888011 0.6111320396327675 0.393252220703125 0.683027060546875
7 0.533313763609816 0.676428348435169 0.525002703125 0.589418732421875 0.4696337655021855 0.5947075109574901 0.47794482598700144 0.681717126970784
7 0.5363940145663084 0.5627143196277457 0.46742949609375 0.506128048828125 0.43287808894931656 0.5482375768566295 0.501842607421875 0.6048238476562501
7 0.5932944302049004 0.5088610703488964 0.55686469921875 0.480372576171875 0.4906194252638497 0.5650838808229788 0.52704915625 0.5935723750000002
7 0.5482934926474091 0.46701705240273944 0.515982173828125 0.466060466796875 0.5140867300088409 0.5300843128316357 0.546398048828125 0.5310408984375001
7 0.4746093750000001 0.601388888671875 0.4375000000000001 0.601388888671875 0.4375000000000001 0.67534722265625 0.4746093750000001 0.67534722265625
7 0.4687500000000001 0.66527777734375 0.43906250000000013 0.66527777734375 0.43906250000000013 0.732638888671875 0.4687500000000001 0.732638888671875
7 0.44891189942971965 0.7328045312597634 0.432246826171875 0.66148076171875 0.38939403025778035 0.6714934824121116 0.406059103515625 0.742817251953125
7 0.42266146615102795 0.6656157269798326 0.3837890625 0.64375 0.3343697838489721 0.7316064956764177 0.37324218750000004 0.7534722226562502
7 0.3639362502324958 0.6715244255719482 0.3577994218750001 0.6028561074218749 0.31082500759548 0.6070541703043427 0.3169618359529757 0.6757224884544161
7 0.4096521973266153 0.5087627240897649 0.36884815096952045 0.4822793291861972 0.3166178286429052 0.5627527164245575 0.35742187500000006 0.589236111328125
7 0.4090376944514915 0.5467802088933708 0.38945312500000007 0.5357638886718751 0.35443886804850866 0.5980114571222546 0.3740234375000001 0.6090277773437502
7 0.4132784422985786 0.7205433008289557 0.38565589062500005 0.71219898828125 0.3625598897326717 0.7886547147960444 0.39018244140625025 0.7969990273437502
7 0.4477167731541895 0.8249953235863767 0.446019521484375 0.7374925761718749 0.39432830106456046 0.7384952076636233 0.39602555273437495 0.8259979550781251
7 0.4775960815508671 0.7271357895266731 0.43645270312500006 0.7234816074218751 0.43195839501163313 0.774084181176452 0.47310177343750015 0.77773836328125
7 0.5621288739965806 0.775324117383368 0.54630122265625 0.687724537109375 0.4942779795190444 0.697124191210382 0.510105630859375 0.7847237714843751
7 0.5796260801416511 0.6747551682288284 0.52993889453125 0.6647697246093751 0.5215322616552241 0.7066008083336717 0.5712194472656251 0.7165862519531251
7 0.5708314281571855 0.6159343998025706 0.5267850820312501 0.6148571796875 0.5254038316084396 0.6713349908224295 0.569450177734375 0.6724122109375001
7 0.6028735719366256 0.5775130423411754 0.5437890625000001 0.5425000000000001 0.5201342405633744 0.5824175123463249 0.57921875 0.6174305546875002
7 0.6065004219327851 0.5127750246176077 0.5586461015624999 0.4749642050781251 0.5397664921297147 0.49885871171051754 0.5876208124999999 0.5366695312500002
7 0.5382708986597172 0.46761353950979656 0.5232735625 0.41776732226562496 0.49836621071528275 0.4252612495527034 0.513363546875 0.475107466796875
7 0.5973255400801442 0.7206124678877035 0.547030513671875 0.7153079140625 0.5358510517167309 0.8213057703935465 0.586146078125 0.8266103242187499
7 0.532586123089018 0.7852174916344224 0.48027074195294706 0.778841554658914 0.46859445675455424 0.8746469731807417 0.5209098378906252 0.8810229101562501
7 0.4771411457995644 0.789796033294763 0.4417761796875001 0.7890107910156251 0.4401390651379358 0.8627415389708624 0.4755040312500001 0.8635267812500003
7 0.4175883161431514 0.8482975331707366 0.39541463671875 0.7750891953125001 0.36318505104434873 0.7848510410480135 0.3853587304687501 0.8580593789062501
7 0.3904199748060632 0.8261483908907219 0.37014684570312506 0.7524279257812501 0.3417476580064369 0.7602377028592783 0.3620207871093751 0.8339581679687501
7 0.36854732309120203 0.5901661678514482 0.34866585351562507 0.5679570253906251 0.3012968253462981 0.6103614493360521 0.32117829492187505 0.632570591796875
7 0.41693714811554605 0.4487108103763521 0.39394808984375007 0.37960430859375005 0.3597911858688291 0.390966988451773 0.382780244140625 0.46007349023437505
7 0.6076643573113207 0.3698873169958727 0.5601171875000001 0.36097222265625006 0.5465543926886793 0.4333071283166275 0.5941015625 0.4422222226562501
7 0.5768248089672902 0.4116763506961537 0.5334443925781248 0.40557598046875 0.5251742711108347 0.4643857411007213 0.5685546875 0.47048611132812507
7 0.6201154427191855 0.7774556331690687 0.599263822265625 0.69994658203125 0.5710414088433144 0.7075390250340563 0.5918930292968749 0.785048076171875
7 0.6016702025878592 0.7122548779349918 0.5837117226562499 0.642597740234375 0.5580721645996406 0.6492079384712582 0.5760306445312499 0.718865076171875
7 0.511879858888131 0.7973694221420384 0.5072837265625001 0.72383130078125 0.4748150708069687 0.7258605916514319 0.4794112031325997 0.7993987130122203
7 0.6278551267836621 0.6944064738732947 0.5996031484375 0.628423640625 0.5739829591538379 0.6393934792517053 0.6022349375 0.7053763125
7 0.6282672503360813 0.5753236402314714 0.583375458984375 0.555371732421875 0.5694579332576687 0.5866861644560287 0.614349724609375 0.6066380722656252
7 0.650390625 0.5881944453125 0.616015625 0.5881944453125 0.616015625 0.636458333984375 0.650390625 0.636458333984375
7 0.6568140325818304 0.6637855429350539 0.6250294798140331 0.6515526735761452 0.6007685136384529 0.7145897204848415 0.6325530664062501 0.7268225898437501
7 0.6168059068122205 0.6321190618227297 0.5880800234375 0.5885242226562502 0.567909310575945 0.601815280871497 0.5966351939506656 0.6454101200379766
7 0.6612773759641294 0.4949920525475662 0.61248270703125 0.4759502304687502 0.6010503662233706 0.5052456037024342 0.6498450351562501 0.5242874257812502
7 0.5926990735178221 0.381858224554039 0.536698544921875 0.316930076171875 0.5031890026540529 0.34583205669596107 0.55918953125 0.41076020507812505
7 0.6243815712240601 0.7265731518186924 0.60742322265625 0.690943486328125 0.5914993541600134 0.6985226344562107 0.6084577027278235 0.7341522999467781
7 0.6397429064400206 0.7432234997601036 0.6189453125 0.7062499999999999 0.6038117810599792 0.7147626115680212 0.6246093749999999 0.7517361113281249
7 0.6303035178423183 0.45385642447400915 0.601623021484375 0.44033977148437503 0.5708199059858067 0.505699786463491 0.59950040234375 0.5192164394531251
7 0.6276525116958017 0.4258309171377361 0.599911611328125 0.40789740429687515 0.5898087103847844 0.4235253278933692 0.6175496107524612 0.44145884073423014
7 0.6307136160777902 0.4330730167326884 0.5719485292968751 0.42503676367187504 0.5677606473318944 0.45566064338770673 0.6265257341128094 0.46369689644851997
7 0.5826543675732618 0.8453085979475748 0.5242153359374999 0.7678402890625001 0.49321949375486307 0.7912223278336754 0.551658525390625 0.8686906367187501
7 0.5140430305808817 0.4220331835259098 0.46350465625000004 0.39560789062499996 0.44941988543474337 0.4225450156928401 0.4999582597656251 0.4489703085937499
7 0.4125147543359611 0.5191198878753325 0.40986233984375 0.47937578710937495 0.3844590620702888 0.4810711336090423 0.3871114765624999 0.5208152343749999
7 0.4535334906061351 0.5839180136955016 0.4374400282921753 0.568281752930093 0.40909050448291523 0.5974602118908416 0.42518396679687503 0.6130964726562501
7 0.6314693886698792 0.5369339623353983 0.6235156250000001 0.49451388867187496 0.6071634238301209 0.49757992633647663 0.6151171875000001 0.5399999999999999
7 0.6269854994681043 0.5724620274767631 0.6137901113281249 0.5291540820312501 0.5906531837470197 0.5362036138586924 0.6038485718869991 0.5795115593042054
7 0.6275398193365235 0.5958968639219145 0.6055972949218751 0.5930917109375 0.5992045615228517 0.6430970794374605 0.6211470859375001 0.645902232421875
7 0.5007059524078096 0.6671435258637546 0.46910663085937515 0.6651121406250001 0.4646083737640658 0.7350850190581206 0.49620769531250014 0.7371164042968752
7 0.6442243384817765 0.551860002882161 0.6265398358088128 0.5506897050696091 0.6237230813114114 0.5932540010155731 0.6414075839843751 0.5944242988281251
7 0.5466602811584658 0.40604822811549457 0.5435778574218751 0.3772789355468751 0.5301626250915342 0.3787162816501305 0.5332450488281248 0.40748557421875
7 0.49754462415069023 0.4367206541863098 0.48493930273437513 0.43565708007812504 0.4833792391305599 0.4541467208136903 0.495984560546875 0.45521029492187504
7 0.6350532330463385 0.6575398922879852 0.629464423828125 0.6310448007812501 0.6117576751567864 0.6347798186495149 0.617346484375 0.66127491015625
7 0.42629430206628416 0.5645999589814543 0.3872828670449674 0.5617377070207925 0.3833503442755583 0.6153365371018384 0.4223617792968751 0.6181987890625003