7 0.5444005932251486 0.516956416946719 0.5137109375 0.48243055468750007 0.4383337817748513 0.5494324717251562 0.4690234375 0.5839583339843751
7 0.5451192958213866 0.5500727458562822 0.490769255859375 0.541920240234375 0.4797510362098636 0.615375041253093 0.5341010761718752 0.6235275468750001
7 0.47156432670070375 0.5146593472776542 0.4165596408186248 0.4964126009788198 0.38525922427417114 0.5907674822167909 0.4402639101562501 0.6090142285156253
7 0.46490987655194843 0.44781214000297453 0.4099745350439435 0.4446427929622708 0.4058567854451201 0.5160171099905463 0.46079212695312505 0.5191864570312501
7 0.5178215511631405 0.47996791281500356 0.488657134765625 0.45043894140624996 0.43620999375873437 0.5022385871849964 0.4653744101562499 0.53176755859375
7 0.61640625 0.4520833339843751 0.566015625 0.4520833339843751 0.566015625 0.50659722265625 0.61640625 0.50659722265625
7 0.5600885955991572 0.48944978233701997 0.5168301113281251 0.4847889355468751 0.5130915840883428 0.5194871414911053 0.556350068359375 0.5241479882812501
7 0.5896690847925783 0.536097771758764 0.5841249531250001 0.485544826171875 0.5444828407770186 0.4898923688894479 0.5500269724445969 0.540445314476337
7 0.5666993846049847 0.5400374378234792 0.51829389453125 0.526798330078125 0.5090163849262652 0.5607192262390208 0.557421875 0.573958333984375
7 0.5465212525444542 0.6597929881879289 0.544325990234375 0.611288140625 0.5048952630805458 0.6130727207964461 0.5070905253906249 0.661577568359375
7 0.5167256738914578 0.6165734785086726 0.47246559960937506 0.611332154296875 0.4643430018897923 0.6799229843819523 0.5086030761718751 0.68516430859375
7 0.4705848657451184 0.6714991784831631 0.467586767578125 0.59154990234375 0.40782705417675663 0.5937908918293368 0.41082515234375 0.6737401679687498
7 0.4162792408461984 0.5906709706325854 0.38306093359375004 0.588392275390625 0.3774904505600517 0.6695975254611648 0.41070875781250005 0.6718762207031252
7 0.5105563532338178 0.34942925768872124 0.443605935546875 0.32872961328125005 0.4274252991099323 0.38106386340502885 0.4943757167968751 0.40176350781250003
7 0.4617023044089836 0.41067860678396506 0.44620088085937504 0.34266610937499997 0.35092226004414145 0.36438203384103496 0.36642368359375 0.43239453125000005
7 0.4143793775779471 0.4435516364531711 0.37705887890625 0.43905318359375006 0.36924485875017793 0.503880611593704 0.406565357421875 0.5083790644531251
7 0.4045952821675031 0.5079133792390618 0.36588553515625005 0.5065937285156251 0.36385236626999706 0.5662333375578134 0.40256211328125013 0.56755298828125
7 0.3878013149705861 0.5130083713283758 0.3557012830885613 0.4847039532549267 0.2995721204617253 0.548360019426551 0.33167215234375014 0.5766644375000001
7 0.37972929593937155 0.5803529027345724 0.34815845037496096 0.5640264468535112 0.3024619923262144 0.652390745290814 0.334032837890625 0.6687172011718752
7 0.38845998609573373 0.6642417559420429 0.38198121093750004 0.59859016796875 0.3430646994511414 0.6024306131985822 0.34954347460937507 0.6680822011718751
7 0.5552274816597964 0.7199550650784033 0.4869921875 0.700763888671875 0.44680376834020374 0.8436560462497218 0.5150390625000001 0.86284722265625
7 0.6016408705053407 0.8042374208436983 0.585078125 0.7159027773437499 0.5387888166408856 0.7245820225820091 0.5553515621462264 0.8129166660819576
7 0.555215502800959 0.7347721764651318 0.55178768359375 0.6555514707031249 0.5079094971990411 0.6574500461911182 0.51133731640625 0.7366707519531251
7 0.5937020429221801 0.6456318812415456 0.5482169472656252 0.6442104707031252 0.5464518027809453 0.7006950425865799 0.5919368984375002 0.7021164531250003
7 0.5869934203433093 0.616701937248978 0.543393841796875 0.597324345703125 0.5300562124691908 0.6273340100166471 0.573655791015625 0.6467116015625002
7 0.6024241635780466 0.569804662454892 0.551274333984375 0.5615380234375001 0.5441946879844535 0.6053433336388581 0.5953445175781251 0.6136099726562501
7 0.6096702041653826 0.652923909086461 0.6034472324218751 0.6005587480468749 0.5677986103149414 0.6047951595017872 0.5740215820584489 0.6571603205413733
7 0.6678262633227786 0.4860776262080766 0.611614115234375 0.478239767578125 0.6069171507397214 0.5119258132450485 0.663129298828125 0.5197636718750002
7 0.6380532740085455 0.5144630941807165 0.59981346484375 0.49877496875 0.5891588041164544 0.5247457066005335 0.6273986132812499 0.5404338320312501
7 0.614940237959137 0.5219286508198759 0.5971766132812499 0.4963934414062501 0.5572626311814879 0.5241596909769991 0.5750262558593748 0.549694900390625
7 0.644921875 0.601388888671875 0.600390625 0.601388888671875 0.600390625 0.657291666015625 0.644921875 0.657291666015625
7 0.6695712106353464 0.5549689273303343 0.6291437207031251 0.5439654765625002 0.6101268284271537 0.6138349418102909 0.650554318359375 0.6248383925781251
7 0.65870354819523 0.6879003091929089 0.6151762539062499 0.6804486250000001 0.6046209537578948 0.7421049759633412 0.648148248046875 0.74955666015625
7 0.6202801762137423 0.756868636588565 0.6118603066406249 0.70697311328125 0.5840202827706326 0.7116711173176853 0.59244015234375 0.7615666406250002
7 0.6264282151111646 0.80082407324082 0.6171518535156251 0.74250115625 0.5746783708263354 0.74925663769668 0.5839547324218751 0.8075795546875
7 0.471365048856991 0.8686029395123445 0.46799355859374997 0.7826923359374999 0.40675974013198146 0.7850954062703147 0.4101312303952225 0.8710060098451593
7 0.42551432599877925 0.7752111710081168 0.39825171875 0.7689500468750001 0.3790694279074709 0.8524748661012584 0.40633203515625016 0.8587359902343751
7 0.41644563570964777 0.7460051442466458 0.3704783828125001 0.7100932265625001 0.3045983096028524 0.7944197170814793 0.35056556250000004 0.8303316347656251
7 0.42445926968832653 0.7180891062850392 0.3833409921875002 0.7110498359375002 0.3732375291397988 0.7700668898087111 0.41435580664062516 0.7771061601562501
7 0.4112806850367635 0.662584029422882 0.3841040681006947 0.6581743629223633 0.3732227443920562 0.7252355717807315 0.40039936132812504 0.7296452382812502
7 0.44355730899397616 0.6601974206550237 0.41138320087265323 0.655146833937404 0.3995323723474271 0.7306410011730053 0.43170648046875004 0.735691587890625
7 0.3835937500000001 0.6618055546875 0.3523437500000001 0.6618055546875 0.3523437500000001 0.7163194453125 0.3835937500000001 0.7163194453125
7 0.3617290704650151 0.7118791510384614 0.356077869140625 0.6444235312500001 0.31814595687873487 0.6476013372427887 0.323797158203125 0.71505695703125
7 0.3298827457296914 0.5937938625988993 0.31059413085937504 0.5909939023437502 0.30151168981718374 0.6535618288073508 0.3208003046875001 0.6563617890625
7 0.4920889973075394 0.42292770061981727 0.4662996796875001 0.42094954296875003 0.46195353589558563 0.4776103872708079 0.487742853515625 0.47958854492187514
7 0.4729994558623516 0.40075140261842773 0.4295831171875 0.39808986523437506 0.4274932335907734 0.4321810993346974 0.470909572265625 0.43484263671875006
7 0.5515068054388123 0.4092732637517669 0.5025 0.4071527773437501 0.5000166320611877 0.46454617960760825 0.5490234375 0.46666666601562506
7 0.6124658627744001 0.4228126992406441 0.54135109375 0.41993937500000006 0.5400847953499394 0.4512802577874228 0.6111995643743394 0.4541535820280668
7 0.6534202811732306 0.421626429365809 0.6405165859375 0.3927792285156249 0.5900566055455194 0.41535057649356594 0.60296030078125 0.44419777734375004
7 0.5943807221534031 0.3622236096698856 0.5362968945312501 0.3612626640625001 0.5352303071434721 0.42573195087698956 0.5933141347656251 0.42669289648437503
7 0.6073389949040096 0.41384319485616317 0.596273009765625 0.36138223046875 0.5818278507991154 0.36442925631571194 0.5928938359374999 0.4168902207031251
7 0.5508284572596159 0.3736689208412355 0.5017178242187501 0.3527909707031251 0.48713428492788413 0.38709543267438973 0.53624491796875 0.4079733828125001
7 0.5216518669228941 0.6816707485835687 0.472248298828125 0.6710889921875 0.46365864244274135 0.7111919446901325 0.5130622105375104 0.7217737010862012
7 0.3886718750000001 0.5631944453125 0.35312500000000013 0.5631944453125 0.35312500000000013 0.6086805546875 0.3886718750000001 0.6086805546875
7 0.36634953078761356 0.7055090821372265 0.3450183007812502 0.6992696972656252 0.31779670163426166 0.7923349920815237 0.33912793164062505 0.798574376953125
7 0.5077186577228351 0.7094594570947304 0.46198901011349425 0.6881715187839759 0.41257326645315917 0.7943238624704955 0.4583029140625 0.8156118007812501
7 0.6201476756981472 0.656335296504603 0.5841753691406251 0.6482415273437501 0.565863035239353 0.7296296761516473 0.6018353417968751 0.7377234453125002
7 0.5765703791754204 0.38445115748435893 0.553783705078125 0.306548001953125 0.5058814079339548 0.3205594245468911 0.52866808203125 0.3984625800781251
7 0.6782347543079067 0.631418924025947 0.647794353515625 0.6085886250000001 0.5989354546764685 0.6737338279271783 0.6293758554687501 0.6965641269531252
7 0.6548890064747942 0.7759541287095812 0.6201076835937499 0.7244262421875001 0.5984889329783306 0.7390188986341689 0.6332702558593749 0.7905467851562501
7 0.5179716793494288 0.6198476873379574 0.51410973828125 0.580021404296875 0.4587796878380711 0.5853867403964176 0.46264162890625 0.6252130234375
7 0.5585812421574854 0.7497888557206513 0.53201875390625 0.7474296875000002 0.5252514219050146 0.8236248376387239 0.55181391015625 0.825984005859375
7 0.38225570302880924 0.5104710449591495 0.374018673828125 0.47874322460937513 0.35659338107889427 0.48326709809401885 0.3648304102795785 0.5149949184437933