7 0.5556455993548487 0.5250247855584903 0.541000003087891 0.4980113246624309 0.4994169037330422 0.5205559844164407 0.5140624999999999 0.5475694453125001
7 0.6403888018310494 0.5549176835760605 0.5831770371093751 0.5479216796875 0.5703421044189507 0.6528829062676896 0.627553869140625 0.6598789101562501
7 0.629738274552387 0.5245109875002608 0.6286860312499999 0.4777519667968749 0.5670588758382379 0.479138795702864 0.568111119140625 0.5258978164062499
7 0.5201434838749602 0.5381277182806677 0.515419130859375 0.48773460937500007 0.4745672426875398 0.4915644731255824 0.4792915957031251 0.54195758203125
7 0.4927964776069568 0.4899591649594926 0.44411844921875 0.47842066992187504 0.4348816063774183 0.5173886026186325 0.4835596347656251 0.5289270976562501
7 0.6106867445662219 0.6752083179342425 0.5964349627951575 0.6123410855163756 0.5221186576820608 0.6291883320352579 0.536370439453125 0.6920555644531249
7 0.555081863554522 0.637363897471882 0.53061573828125 0.6015821874999999 0.4733532204298529 0.6407360439343678 0.49781934570312497 0.6765177539062499
7 0.5421956337186986 0.5989538842998697 0.5189738179095578 0.5565015011308029 0.4523324498158592 0.5929548980809333 0.4755542656250001 0.6354072812500001
7 0.49236774355315666 0.5518429235078158 0.4437890625000001 0.5230555546875001 0.4252103814468434 0.5544070764921845 0.47378906249999997 0.5831944453125002
7 0.4596196297769736 0.5315860161188913 0.439357857421875 0.48847469140625 0.36353360850427635 0.5241111205998588 0.383795380859375 0.5672224453125001
7 0.4569572866706182 0.5483213971259385 0.3987288671875001 0.545343806640625 0.39503105707938196 0.6176565169365614 0.45325947656250004 0.620634107421875
7 0.5974816427305173 0.537137944991254 0.549716396484375 0.4985397636718752 0.5297176299354254 0.5232882356510483 0.5774828761815677 0.5618864169704272
7 0.584078460672016 0.6861734067987812 0.5450068564673258 0.6546400734483666 0.4767503977484349 0.7392137311027106 0.515822001953125 0.7707470644531252
7 0.5432898268627334 0.7252235820683618 0.49394531250000007 0.6375000000000001 0.44557735980269686 0.6647069730885837 0.4949218741654302 0.7524305551569455
7 0.47706951464720737 0.6541856626024513 0.4262698105468752 0.6462482089843751 0.41065321972779284 0.7461943920850489 0.46145292382812503 0.7541318457031251
7 0.42121271351156 0.6117276840450239 0.38097564062500006 0.6104219140625 0.37886633336344017 0.6754198472049763 0.4191034062500001 0.6767256171875001
7 0.45749031139079627 0.6617020917918106 0.45694987109375 0.6159048417968749 0.41719360657795374 0.6163739941456893 0.417734046875 0.662171244140625
7 0.5104635145950673 0.6351124493929032 0.45507095117187507 0.5960617519531252 0.4346764005007733 0.6249909776930416 0.4900689639239655 0.6640416751328196
7 0.49003476365682824 0.36388704930854915 0.41720237890625 0.33271598632812505 0.39628310518142795 0.38159467210107245 0.4691154899320062 0.4127657350814965
7 0.550103218588773 0.4457714095091715 0.5481902128906251 0.41241337499999997 0.47071563297372715 0.41685636197520354 0.47262863867187505 0.45021439648437506
7 0.6640703183227351 0.4651160559494906 0.6582126113281251 0.4179481171875001 0.6246694668335151 0.42211378389425946 0.6305271738281251 0.46928172265625
7 0.6992296052368633 0.5636917810621477 0.63583999609375 0.5350063828125001 0.6174342326537618 0.5756798341722276 0.6808238417968752 0.6043652324218751
7 0.6684918480218548 0.63803242091806 0.6638846132812499 0.57523750390625 0.6263320073043624 0.5779927216705225 0.6309392420449673 0.6407876386823326
7 0.6814906998168545 0.6969113123343837 0.6809197343749999 0.6309331777343749 0.6220539486206452 0.6314425939156161 0.6226249140624999 0.697420728515625
7 0.4379817932443555 0.39277776338123627 0.4128657530366293 0.3517399477978519 0.3279550867453987 0.40370713168224065 0.3530711269531249 0.444744947265625
7 0.5061911282007389 0.37787878911485917 0.458714978515625 0.31373323828125005 0.4326007858617611 0.33306117768201593 0.48007693554687497 0.39720672851562505
7 0.5879303255435986 0.3932732166430931 0.573131353515625 0.33802372070312503 0.5386971568782765 0.347247166169407 0.55349612890625 0.40249666210937507
7 0.5500543671107428 0.4151496525271131 0.549890935546875 0.349777095703125 0.4858184199937493 0.3499372771603991 0.4859818515576172 0.4153098339843872
7 0.5606243465995995 0.3338886681371743 0.48747179296875 0.30911743359375 0.47686325886915043 0.3404457615503257 0.5500158125 0.36521699609375
7 0.6155647973217491 0.4033089895449473 0.58121604296875 0.322305123046875 0.5543161043200224 0.33371173145584365 0.5886648586730217 0.414715597953916
7 0.651671519656631 0.3773636769123365 0.6070485097656249 0.3654898144531251 0.581137546749619 0.46286547152516366 0.6257605566406251 0.47473933398437507
7 0.6311019663355025 0.7236784946459918 0.5822158847656251 0.7095939375000001 0.5582383149144977 0.7928176713696335 0.6071243964843751 0.8069022285156251
7 0.5331637345041769 0.7465014933808326 0.477764884765625 0.7443524003906251 0.4744624666676982 0.8294814128691675 0.5298613164062501 0.831630505859375
7 0.5895725909952122 0.8411132052339767 0.5854466796875 0.784020904296875 0.5232650613485378 0.7885146072660234 0.52739097265625 0.8456069082031251
7 0.6628030708260465 0.7250957845102106 0.6079296875000001 0.6763194453125003 0.5784469291739536 0.7094875494741648 0.6333203125 0.7582638886718752
7 0.4857182019957743 0.7458856616324645 0.425360818359375 0.6927170703125 0.3202858956604757 0.8119989106331604 0.380643279296875 0.8651675019531251
7 0.49599728679005445 0.7633949662985626 0.45514364648437505 0.7462820722656253 0.4175548069599458 0.8360179712014377 0.4584084472656252 0.8531308652343751
7 0.45919656815076304 0.8218210668830432 0.42943674122757225 0.7971097824060422 0.3825066887018092 0.8536276959917491 0.412266515625 0.8783389804687501
7 0.3708518828970974 0.7572108969907564 0.34247008984375005 0.754852466796875 0.33554233780602766 0.8382223393373687 0.36392413085937503 0.84058076953125
7 0.4204045601736953 0.695185473646631 0.38462091015625 0.6680560214843752 0.31954510388880475 0.7538907763533692 0.35532875390625007 0.781020228515625
7 0.3907475361909127 0.5864818394516218 0.38747710742187497 0.497816876953125 0.33986002826221223 0.49957324453275315 0.34313045703124995 0.58823820703125
7 0.40588654733777124 0.44493146336110323 0.36706593945312505 0.43756161328125 0.3517186401622288 0.5184033510920217 0.390539248046875 0.525773201171875
7 0.44784250208114484 0.4777327598328945 0.4240430546875 0.44960026171875 0.36933296862198006 0.49588373821398046 0.393132416015625 0.524016236328125
7 0.4361628958776358 0.46581503293080734 0.4356714453125 0.423004267578125 0.4099653306848641 0.4232993635535677 0.4104567812499999 0.46611012890625003
7 0.4883265649130295 0.7541222768830621 0.48716858789062506 0.71089115234375 0.4572979057378172 0.7116912602277132 0.45845588276022164 0.7549223847670253
7 0.37697956868215154 0.4438718749274142 0.3606621601562501 0.4372429277343751 0.33720574381784874 0.4949817989007111 0.35352315234375015 0.5016107460937501
7 0.3845999891008651 0.6406361452096236 0.35789367129480154 0.6318426013714592 0.3347877837564365 0.7020160362399607 0.36149410156250006 0.7108095800781251
7 0.5831278881607295 0.6209804555937999 0.57809619921875 0.566315197265625 0.5359743774642706 0.5701923197968252 0.54100606640625 0.6248575781250001
7 0.5941732022820004 0.5379718042503722 0.545544099609375 0.5034083867187501 0.47955956724924953 0.596245519968378 0.528188669921875 0.6308089375000001
7 0.35677285105544626 0.7783053349549611 0.32956585156249996 0.6876153398437499 0.29616562160080373 0.6976354091856637 0.32337262109375 0.7883254042968749
7 0.703334134943348 0.6508133686791331 0.66813352734375 0.5906885859375 0.6452405759941521 0.6040914750708669 0.68044118359375 0.6642162578125
7 0.6500208357464502 0.5231504688229299 0.6278802304687501 0.45918872265625 0.6053942658160498 0.466972326098945 0.6275348710937501 0.530934072265625
7 0.5732706674854623 0.515007665588996 0.5692674921875 0.439095609375 0.5177871196239127 0.44181039495787894 0.521790294921875 0.5177224511718749
7 0.5780868898516422 0.7385755422242932 0.542156568359375 0.7376131230468749 0.5407426492108577 0.7903994460569567 0.576672970703125 0.791361865234375
7 0.6761427526155485 0.48505519395983376 0.6367503984375 0.4824984785156251 0.6324490012907017 0.5487718529151666 0.6718413554687501 0.5513285683593753
7 0.36273355566372173 0.5689834487542863 0.33436968359375013 0.561475365234375 0.3128368212894035 0.6428217367925887 0.3412006933593751 0.6503298203125
7 0.4153843786277327 0.6297133898882417 0.39059646679687504 0.5720814941406251 0.31381577762226737 0.6051054460492584 0.338603689453125 0.662737341796875
7 0.35335364916289436 0.637807150471969 0.32441526757812517 0.6338207402343751 0.31661883521210593 0.6904170565592813 0.3455572167968751 0.6944034667968753
7 0.5071230944921304 0.5027288158279578 0.4897066171875001 0.40597061328125 0.4433245090234945 0.4143193931564173 0.4607409863281249 0.511077595703125
7 0.6278546722409815 0.7931877705642665 0.575094138671875 0.7787575390625 0.5632061265871435 0.8222230829513585 0.61596666015625 0.836653314453125
7 0.678099737433473 0.7631805056346412 0.6734690058593749 0.6890888046875001 0.6299345985040269 0.6918097053028589 0.6345653300781251 0.76590140625
7 0.6785863983331122 0.7453912936909592 0.653003068359375 0.734598326171875 0.6290381465887628 0.7914040656840408 0.6546214765625 0.802197033203125
7 0.6379639770504235 0.790325173610627 0.632448955078125 0.731498291015625 0.607915710268066 0.7337982834376398 0.6134307322403645 0.7926251660326418
7 0.638277350290297 0.7131805594455655 0.6258467851562499 0.6358348261718751 0.5710120754909529 0.6446475479763097 0.583442640625 0.7219932812500001
7 0.5808486040643775 0.3860765540979898 0.5649029082031252 0.3858405156250001 0.5641653392949976 0.4356673482457604 0.58011103515625 0.4359033867187501
7 0.4522832111692255 0.41388818067461186 0.40240992968749995 0.397767521484375 0.3929401482057745 0.4270646533097633 0.44281342968750004 0.44318531250000015
7 0.5952816811757211 0.402656917169007 0.5775162714087212 0.4019677421845652 0.5762967835923752 0.43340344610930837 0.5940621933593752 0.43409262109375013