7 0.4893381037228701 0.6686271525087004 0.48712590234375003 0.595477064453125 0.4195172029177549 0.5975216834287996 0.421729404296875 0.6706717714843751
7 0.5335543038886494 0.6812720143277591 0.4793508046875 0.6491344667968749 0.4181687703301005 0.7523246790316159 0.47237226953124994 0.7844622265625001
7 0.5258330531308785 0.7456906168004359 0.4482659373604686 0.7401206386618555 0.4417196674327153 0.8312835238145446 0.5192867832031252 0.836853501953125
7 0.46016609560183985 0.7872567846949169 0.44884648046875 0.7023870214843749 0.39622269346066014 0.709405787570708 0.40754230859375 0.79427555078125
7 0.4338661190076175 0.6577460443179145 0.38166748829170766 0.6539162537637173 0.37610207826846526 0.7297707367895527 0.4283007089843751 0.7336005273437499
7 0.46093236814398153 0.5566342547637044 0.4066207695312499 0.5329685488281252 0.3539286709185185 0.6538942510956709 0.4082402695312501 0.67755995703125
7 0.6174730366991869 0.5711485829449225 0.553224794921875 0.5701718359375001 0.5521369086133133 0.6417305733050778 0.6163851503906251 0.6427073203125002
7 0.6263328115533415 0.7309462526947271 0.6230669726562501 0.636116009765625 0.5664377079779086 0.6380662531646479 0.569703546875 0.7328964960937501
7 0.640185862066583 0.7342005908745727 0.59013344140625 0.7144924492187501 0.5520147453552924 0.8113018310004275 0.6020671660156252 0.8310099726562501
7 0.5893192846134918 0.7720161944015329 0.563098236328125 0.6772319609375002 0.5179434985896332 0.6897235380203423 0.544164546875 0.784507771484375
7 0.5795631763612624 0.8442816699485086 0.5790338652343751 0.7652378750000001 0.5261809525449878 0.7655918007546165 0.5267102636718751 0.8446355957031251
7 0.5874630228973778 0.8986921895949896 0.571577193359375 0.8208840390625 0.5186836299073344 0.831683140787785 0.5345694594453374 0.9094912913202747
7 0.4518129405757391 0.8707863364877816 0.414650705078125 0.7840247070312502 0.3702215340336359 0.8030548627309687 0.40738376953125 0.8898164921875001
7 0.41334408823326774 0.8123419137796912 0.402776060546875 0.7304816250000001 0.3609652122999705 0.7358793362523268 0.37153323998636323 0.8177396250320179
7 0.4635165328417775 0.841239603999065 0.450317216796875 0.7728837304687501 0.41801534215822234 0.7791211264696851 0.431214658203125 0.847477
7 0.6278869471260375 0.5311790461166117 0.5511938203125 0.49971519921875013 0.5289841036552124 0.5538513835708885 0.60567723046875 0.5853152304687501
7 0.6495690326869822 0.8339801179758471 0.6398042109375 0.743821763671875 0.5958180552036427 0.7485857921804029 0.605582876953125 0.838744146484375
7 0.6108494189524492 0.8075821474097845 0.581775013671875 0.802675841796875 0.5715222841725509 0.8634327607933405 0.6005966894531252 0.86833906640625
7 0.6737655359671537 0.695018346389543 0.625897314453125 0.602827697265625 0.5907868058297211 0.6210581536104571 0.6386550273437499 0.7132488027343751
7 0.6872674065313084 0.6894039541975117 0.660701134765625 0.6028175859375 0.6349310407343166 0.6107243192399883 0.6614973124999999 0.6973106875
7 0.4706163753043724 0.4605662739627208 0.4239932107158958 0.4543549645540246 0.41379832564589847 0.5308795382475537 0.46042149023437506 0.5370908476562499
7 0.5619334924986139 0.7095862496689928 0.5125507578124999 0.630685001953125 0.47665182195451106 0.6531534378310074 0.526034556640625 0.7320546855468751
7 0.5609782242820445 0.7796473591616466 0.5112109375 0.710833333984375 0.4797008616554555 0.7336218713071033 0.5294681484375 0.802435896484375
7 0.40025575580898765 0.611924223403822 0.341873161996107 0.6085269609309091 0.33750481439024443 0.6835978351833372 0.39588740820312507 0.6869950976562501
7 0.37350264156972557 0.6882875048956016 0.33721439453125 0.6668916484375 0.2906547998365244 0.7458586240106483 0.326943046875 0.76725448046875
7 0.46862019539620997 0.34962133872015155 0.465923052734375 0.31607563085937496 0.40156959952566496 0.32124977846734837 0.4042667421874999 0.35479548632812496
7 0.6398845018795862 0.5382006285668086 0.6053017968818237 0.5361529686347585 0.6015313789866126 0.5998311447554501 0.6361140839843751 0.6018788046875002
7 0.67144058437492 0.7883976079984154 0.6301156386718749 0.7075226464843751 0.6045670933594548 0.7205772709078347 0.6458920390624999 0.801452232421875
7 0.470448694043912 0.3409703031777214 0.44456284670007645 0.3199066378938238 0.39269317609366455 0.38365102221610253 0.4185790234375001 0.40471468750000017
7 0.5829000366095196 0.48607929393248817 0.5509865488281249 0.466514353515625 0.5070650942498555 0.5381571377081369 0.5389785820312502 0.5577220781250001
7 0.6356666151798103 0.5291695039267337 0.5842806347656251 0.4720739707031252 0.5593540117733146 0.4945079316201416 0.6107399921874999 0.5516034648437501
7 0.6516527478414941 0.5363649422517561 0.6183984375 0.5068055546875001 0.6020191261886783 0.525232279542425 0.6352734365301723 0.554791667106681
7 0.6571912884364322 0.6155626506820734 0.64267486328125 0.5679189980468751 0.6268431588291927 0.5727427204116768 0.6413595839843749 0.6203863730468752
7 0.6485657320520708 0.6377540709888447 0.629706462890625 0.583364873046875 0.6093003636510541 0.5904406184642803 0.6281596328124999 0.64482981640625
7 0.6492848834551648 0.7372348166586975 0.6378718964843749 0.6831288046875001 0.6194998977948352 0.6870041481850527 0.6309128847656249 0.7411101601562502
7 0.677520180762318 0.8126315842718227 0.6486758125 0.7890316464843751 0.5998587977533071 0.8486968864313025 0.6287031660156251 0.8722968242187501
7 0.37005764283771014 0.5634409607046948 0.3405219941406251 0.55531080078125 0.32706574192791515 0.6041953420296802 0.3566013906250002 0.6123255019531251
7 0.34388240734566916 0.627760179958542 0.32448069729567314 0.6253349665564905 0.3171699813562541 0.6838207026135734 0.33657169140625015 0.686245916015625
7 0.5842481037792602 0.6372596557071246 0.5371829902343751 0.5349947167968752 0.4841385993457399 0.5594071919491257 0.531203712890625 0.6616721308593752
7 0.5671958943248767 0.39598932830611877 0.5165210443250584 0.3787026658120336 0.47182628671893173 0.509722759380915 0.52250113671875 0.5270094218750001
7 0.49981007051392606 0.3534235712479854 0.43121447265625 0.34361382031250004 0.41188590409544895 0.4787706377363896 0.480481501953125 0.488580388671875
7 0.46288144013381594 0.52076370636518 0.3704320058593751 0.4468041542968751 0.33079201689743426 0.49635413738482037 0.4232414511718751 0.5703136894531252
7 0.5518670079127577 0.4103803661991112 0.4950583886718751 0.2932713457031251 0.43601764638411744 0.32191152247276383 0.49282626562500004 0.43902054296875
7 0.6724878584723348 0.4140727737486433 0.64464824609375 0.34248519726562504 0.5374761337151653 0.38416323992323176 0.5653157460937501 0.45575081640625004
7 0.6310603769775838 0.4903875135907991 0.5561625722656249 0.4056546347656252 0.5086295312255411 0.4476704434404512 0.5835273359374998 0.5324033222656251
7 0.43161171248021946 0.45830206594459455 0.4157554492187501 0.348678513671875 0.36939830900415566 0.3553837426491555 0.38525457226562504 0.46500729492187504
7 0.5800319845468154 0.6306242219950757 0.5483528219962931 0.6261693398058753 0.5409641831526029 0.6787107721076747 0.5726433457031251 0.6831656542968751
7 0.6788236021366484 0.47974325907449944 0.5939609179687501 0.4410251816406251 0.5707230560664767 0.49195816865987574 0.655585740234375 0.5306762460937501
7 0.4048712212235083 0.5469170977739403 0.39986392382812497 0.5155320820312499 0.35926509127649164 0.5220093905073097 0.36427238867187495 0.55339440625
7 0.4038136710564053 0.570451411931527 0.35085544921874995 0.510639775390625 0.32241287581859457 0.5358233048653479 0.37537109765624993 0.5956349414062501
7 0.39153636529156666 0.5633475914180661 0.37529020703125004 0.5569312226562501 0.3593606249428085 0.5972647074100591 0.3756067832031251 0.6036810761718752
7 0.4242678182929553 0.42557807621374527 0.33890867578124995 0.398178845703125 0.3212559004570447 0.45317403120812977 0.40661504296875006 0.48057326171875003
7 0.3846128276975495 0.726615150587889 0.36339949414062506 0.720427927734375 0.3425370883180756 0.791956169724611 0.36375042187500006 0.7981433925781249
7 0.38246227152592216 0.6753915201196381 0.3621697460937501 0.6724237382812501 0.35412607417720304 0.7274232044897371 0.3744185996093751 0.730390986328125
7 0.37744503472285085 0.7175840245261896 0.35252707421875007 0.708113515625 0.3252638266052743 0.7798461473488104 0.3501817871093751 0.78931665625
7 0.3826408096946685 0.5948671369196403 0.3578109050735294 0.5746928408409927 0.3135246754569859 0.6291989734526025 0.338354580078125 0.6493732695312501
7 0.37359572183163026 0.5164827427397984 0.358782408203125 0.49449422851562513 0.3217026141058698 0.5194742982758267 0.33651592773437505 0.5414628125000001
7 0.39148454563893303 0.4680451371258654 0.38050038476562503 0.4573085703125001 0.346187469986067 0.4924127691241348 0.357171630859375 0.5031493359375001