7 0.6711161043290287 0.539375892700535 0.600740384765625 0.47953952929687493 0.5639073331709713 0.5228602186275899 0.634283052734375 0.58269658203125
7 0.6278299827741511 0.46135926350202894 0.608947423828125 0.4537725214843752 0.585187331678974 0.5129087540760965 0.6040698906250002 0.5204954960937502
7 0.6284354551546637 0.6135308582828592 0.57343548828125 0.53420176171875 0.532028984932517 0.5629094668504199 0.5870289518059307 0.6422385634145291
7 0.6529075208724524 0.7256237889493159 0.6458055 0.6288258984375 0.59009317625064 0.6329134884048918 0.5971951971230923 0.7297113789167077
7 0.5115326501264672 0.6448932036376669 0.4404867246121178 0.6422289823487357 0.4365868186262756 0.7462265111329439 0.507632744140625 0.748890732421875
7 0.5048989443751157 0.8338335660415157 0.5007889765625 0.741770294921875 0.4446075419530092 0.7442783948959842 0.44871750976562497 0.836341666015625
7 0.5447353510669575 0.865742862282553 0.5421192539062502 0.77324283203125 0.4895425942455427 0.774729811545572 0.49215869140625 0.867229841796875
7 0.5030559635391519 0.5758045248175292 0.439339728515625 0.56697428515625 0.42695192708584817 0.6563607681512208 0.49066816210937503 0.6651910078125
7 0.5921028841669782 0.7147801280436232 0.5341796875 0.6118055546875001 0.4869986783330218 0.6383448719563768 0.544921875 0.7413194453124999
7 0.5919251804235004 0.8232699730431089 0.5432893550864659 0.8080712785670598 0.5118078660692158 0.9088120496645762 0.5604436914062503 0.9240107441406252
7 0.42081791628262055 0.8438681851930938 0.37790774218750006 0.7218125781250001 0.32186993527987945 0.7415133694944064 0.36478010937499994 0.8635689765625001
7 0.3992187500000001 0.65902777734375 0.3347656250000001 0.65902777734375 0.3347656250000001 0.73784722265625 0.3992187500000001 0.73784722265625
7 0.38828125000000013 0.592361111328125 0.3210937500000001 0.592361111328125 0.3210937500000001 0.655208333984375 0.38828125000000013 0.655208333984375
7 0.44800009375300154 0.7077633802234862 0.40617680664062505 0.62916215625 0.3672341144214387 0.6498833526293508 0.40905740153381526 0.7284845766028369
7 0.4552569588604929 0.5490522544374336 0.412474662109375 0.5363119374999998 0.38369574426450714 0.6329522494688163 0.42647804101562503 0.64569256640625
7 0.48324515890149167 0.7088391677569916 0.43101839062500014 0.6842847910156251 0.3876507414891336 0.7765270900555086 0.4398775097656251 0.8010814667968751
7 0.46308269492608956 0.7706467054032283 0.41107015041829487 0.7644115954723072 0.39989659807033034 0.857620038506579 0.45190914257812503 0.8638551484375001
7 0.466924443168411 0.9091195770291268 0.4541682128906249 0.8273422578125 0.4040035802690889 0.8351673077364984 0.41675981054687494 0.9169446269531252
7 0.49517500095084777 0.8872609515422576 0.49011699414062493 0.823117908203125 0.45132128615852707 0.8261771480671175 0.4563792929687499 0.8903201914062501
7 0.3763405308337754 0.8391505515798816 0.337376947265625 0.7731037539062501 0.3040810785412247 0.7927462863107437 0.34304466210937506 0.8587930839843753
7 0.446411350804632 0.45507851144812705 0.37695312530186553 0.33159722248645057 0.3211667744972335 0.36297704502269856 0.390625 0.48645833398437505
7 0.4611438474502919 0.3909322051505147 0.413174814453125 0.37770544921875004 0.382041525596583 0.4906155057869854 0.4300105585937499 0.50384226171875
7 0.4748142225684692 0.48182502045294956 0.44708326171875007 0.46449316992187506 0.411240896572156 0.5218409541564255 0.43897185742187517 0.5391728046875001
7 0.6508190804751927 0.436829190970052 0.63184742578125 0.388807189453125 0.5683261402279323 0.413902018014323 0.587297794921875 0.46192401953125006
7 0.6109050444147509 0.8294561899451701 0.56953125 0.7559027773437501 0.5336262055852491 0.7760993647423302 0.575 0.8496527773437502
7 0.598554593800644 0.9009683859196306 0.596681162109375 0.824365828125 0.5647539257317735 0.8251466570968575 0.5666273574230425 0.9017492148914881
7 0.5975730105011482 0.6516674551326308 0.564966833984375 0.650870021484375 0.5633910227019769 0.7153031952579942 0.5959971992187502 0.71610062890625
7 0.6303608177638962 0.5534858935286996 0.5937234375 0.549738888671875 0.5841844947361039 0.6430085498306756 0.6208218750000001 0.6467555546875001
7 0.524155787923973 0.5363582497313856 0.442400884765625 0.4909388593749999 0.4103401534822769 0.5486481760498645 0.4920950566406249 0.59406756640625
7 0.5492187996924396 0.6104353570351673 0.53975020703125 0.5333576777343749 0.4902812196024461 0.5394346859626188 0.49974981226363574 0.6165123652634111
7 0.36607230585086026 0.6600134356269343 0.31057416796875004 0.6468583222656249 0.2993735867272649 0.6941107772636905 0.3548717246093751 0.7072658906249999
7 0.36819795395621424 0.717338678512427 0.3327750625 0.7045563613281252 0.30993512416878577 0.7678513527375731 0.345358015625 0.780633669921875
7 0.33294020375297023 0.7762286298186055 0.32945351171875 0.7142429863281249 0.30258539976265475 0.7157543174470193 0.306072091796875 0.7777399609375
7 0.5208149245190606 0.6328867343845571 0.5000390625000001 0.6095138886718751 0.4583647629809395 0.646557708974818 0.47914062500000004 0.6699305546875001
7 0.5254131827458612 0.6627017820784971 0.51554023828125 0.6047805117187499 0.49550217467601376 0.6081960909683779 0.505375119140625 0.666117361328125
7 0.5391268280224275 0.6837638068752485 0.506104763671875 0.6760776367187502 0.48101282432132264 0.7838800427341267 0.5140348886718752 0.791566212890625
7 0.5769482944108801 0.7345035442484674 0.5277936152343751 0.7208494667968751 0.5060004809797451 0.7993047506734078 0.5551551601562501 0.8129588281250001
7 0.5717355517944847 0.7067221763283946 0.5348399062500001 0.7060736191406252 0.5341283876586407 0.7465510639059807 0.5710240332031252 0.7471996210937502
7 0.5362168523419105 0.5027245902209236 0.4696025703125001 0.389562548828125 0.4102428011011128 0.42450543567233234 0.47685708313052316 0.537667477065131
7 0.6572130207179319 0.38013004124215977 0.6078765000000002 0.3069385000000001 0.4774076531101933 0.3948841677422155 0.5267441738281251 0.46807570898437517
7 0.49632831847637104 0.40330725056165806 0.438454345703125 0.2938876777343751 0.3768964463414092 0.3264467537715451 0.4347704191146552 0.43586632659882807
7 0.5132644335837262 0.35272338354002236 0.446490021484375 0.3458216347656251 0.4403482246193989 0.4052435129443528 0.50712263671875 0.41214526171875004
7 0.38789611381604994 0.5338114232822654 0.38068145703125 0.456855091796875 0.32680214399645013 0.4619062778896096 0.33401680078125007 0.538862609375
7 0.3978857262751585 0.5153030790448894 0.306067689453125 0.45635816796875 0.2752974631779665 0.5042887139238607 0.3671155 0.563233625
7 0.39641262695822527 0.5780260296845745 0.36370724609375 0.532845708984375 0.28161435741677476 0.5922715640654256 0.31431973828125004 0.6374518847656251
7 0.3818654540636505 0.4555095583755739 0.37783785742187503 0.41850600390625003 0.3164605830457245 0.42518652170255117 0.3204881796875 0.462190076171875
7 0.42990819225276194 0.3291296872106958 0.4186292832031249 0.31624866015625 0.37876617884098795 0.3511536663049293 0.390045087890625 0.36403469335937505
7 0.41286945247085505 0.3593258110440924 0.37247644140625 0.3435626855468751 0.3640532367241389 0.3651471486017438 0.40444624778874394 0.3809102740989611
7 0.5902328148699159 0.5505011992389859 0.5596711269531249 0.4203310390624999 0.49448681208320916 0.43563518162038906 0.5250485 0.565805341796875
7 0.5361480418381309 0.5565454271606955 0.5239587773437498 0.47236657617187505 0.47539409460361093 0.47939883850441595 0.4875833590979919 0.5635776894932365
7 0.33994595357244217 0.6596071617214835 0.310573267578125 0.609564802734375 0.2834104590373996 0.6255081887405386 0.3127831450317168 0.6755505477276471
7 0.3495854140625001 0.52828949609375 0.30874457226562513 0.52828949609375 0.30874457226562513 0.55809044140625 0.3495854140625001 0.55809044140625
7 0.6453827505680311 0.7447045391243332 0.5969762890625 0.6965132109375 0.5749021341932538 0.7186859081456513 0.6233085956987848 0.7668772363324845
7 0.6075778787254439 0.7885529863900105 0.59657443359375 0.7070459882812501 0.569503283383931 0.7107005936881149 0.5805067285156249 0.7922075917968752
7 0.5975350639741794 0.7655033930925551 0.5719967226562499 0.7235943203125 0.5484195024320706 0.7379616889386948 0.57395784375 0.7798707617187499
7 0.6326986073140582 0.7465125931771177 0.6000230136718752 0.7359301562500001 0.5773409180765672 0.8059660982291326 0.6100165117187503 0.8165485351562503
7 0.6418046477432456 0.7123295071281387 0.6271812265624999 0.709587615234375 0.6222194069442543 0.7360506491218612 0.636842828125 0.738792541015625
7 0.6257514692585247 0.8143515807123999 0.6179759941406249 0.7872346035156251 0.5827929760539752 0.7973229212407253 0.590568451171875 0.8244398984375001
7 0.6068088808979293 0.412197345680968 0.5360636015624999 0.27318907421875016 0.46398100307818435 0.309873967220837 0.5347262824136138 0.4488822386830549
7 0.5978935678533925 0.6560814084026698 0.551750734375 0.5831643417968752 0.5203845942559825 0.6030132283160804 0.5665274277343749 0.6759302949218751
7 0.6004519625303282 0.6627681355019449 0.5842103457031251 0.6079075625000001 0.5685326761415469 0.6125489777793052 0.5847742929687499 0.66740955078125
7 0.4866298382372598 0.640214714587404 0.467476478515625 0.6212021875000002 0.4227144762158652 0.6662957580688462 0.4418678359375 0.6853082851562501