7 0.5538796662189633 0.7478267159957217 0.5519203632812499 0.6497993769531251 0.4809402321795145 0.6512180789269334 0.48289953511722783 0.74924541796953
7 0.6185695488318692 0.6913477454061003 0.5548187500000001 0.6848277773437501 0.5449867011681312 0.7809633659220248 0.6087375000000003 0.7874833339843751
7 0.5003363800597866 0.9268133018779839 0.466302033203125 0.8168032890625001 0.40592823925144805 0.8354814310953568 0.4399625861081096 0.9454914439108406
7 0.47615888019451424 0.7769683058527205 0.4279227638531462 0.7615398431832674 0.3981083289711319 0.8547527951430469 0.44634444531249995 0.8701812578125
7 0.4319031719283424 0.9027678538766952 0.430867267578125 0.8137568945312501 0.3791636015091576 0.814358618779555 0.380199505859375 0.9033695781250001
7 0.4122223609010087 0.7681502637653665 0.36548566796875015 0.7538105976562501 0.3315500316771166 0.8644156424846337 0.3782867246093752 0.8787553085937501
7 0.4390132121228897 0.7173756523221394 0.41455757617187505 0.617496783203125 0.3598763191271104 0.6308856504122355 0.384331955078125 0.73076451953125
7 0.460411152312862 0.7531809202568099 0.441187119140625 0.679132791015625 0.399524060577763 0.68994916177444 0.41874809375 0.763997291015625
7 0.4774293162210733 0.7858259600572339 0.4549366152343751 0.727383384765625 0.4249785548726768 0.7389132958021409 0.44747125585937503 0.7973558710937498
7 0.5027776250816767 0.7360751191383189 0.46643300585937514 0.7339231347656251 0.46209181046519865 0.8072410898460562 0.4984364296875001 0.8093930742187501
7 0.5021297780558533 0.7334096340760248 0.47012137890624994 0.6409409277343752 0.42761807545977165 0.6556536100646005 0.459626474609375 0.7481223164062502
7 0.47460813728652673 0.6718706002907026 0.45011718750000007 0.5847916660156252 0.4081262372044236 0.5966016205555928 0.43261718699095025 0.6836805548306703
7 0.527604897987122 0.5650978344669727 0.4784961953125 0.538139818359375 0.42945167623162817 0.6274829174861524 0.47856037890625014 0.6544409335937501
7 0.536783929243695 0.6517217558723055 0.5344188535156249 0.58384780078125 0.49345296912583064 0.585275261708188 0.49581804485390074 0.6531492167992435
7 0.5853541473747077 0.589344785860964 0.521736689453125 0.5398183417968753 0.4911596682945082 0.5790949826638928 0.5547771262160908 0.6286214267279816
7 0.5860544049724182 0.49697126463757524 0.5334166601676743 0.49293371078856274 0.5273116243358812 0.5725252977134876 0.5799493691406251 0.5765628515625001
7 0.5527122167166096 0.7695035334171663 0.5105318515625 0.7536858964843751 0.47822227937714046 0.8398447556453339 0.5204026445312501 0.855662392578125
7 0.5829449186763416 0.8009972154973622 0.55538819140625 0.7139043437500002 0.5071642707767834 0.7291626927057632 0.534720998046875 0.8162555644531252
7 0.40681050889705883 0.6490163392601104 0.35332031250000007 0.6055555546875 0.2657551161029413 0.7133281040992647 0.31924531250000004 0.756788888671875
7 0.4089843750000001 0.535416666015625 0.3585937500000001 0.535416666015625 0.3585937500000001 0.607638888671875 0.4089843750000001 0.607638888671875
7 0.43994746863852363 0.7378171183973447 0.39781627148437504 0.7233917617187502 0.3705387911271014 0.8030593171495306 0.41266998828125 0.8174846738281251
7 0.3038858886798132 0.7853408695045935 0.2900390625 0.7180555546875002 0.2627917085908287 0.7236628610435121 0.2766385347706419 0.7909481758606054
7 0.32515068486763465 0.6425026589050915 0.29822475195312503 0.624425369140625 0.2507747448198654 0.6951016555480336 0.2777006777343751 0.7131789453125001
7 0.30279176843302635 0.6309636041190338 0.296444921875 0.5757349082031251 0.2673640909419736 0.5790768587715914 0.2737109375 0.6343055546875002
7 0.37365043941942133 0.5768910172261014 0.36587215039062504 0.5004727421875 0.31255548245557874 0.5058996175395236 0.32033377148437503 0.5823178925781249
7 0.6548671132373594 0.5425443257110254 0.6096652714843749 0.47022137890625004 0.58198112647033 0.4875239695400281 0.6271829682233145 0.5598469163448034
7 0.633418263742001 0.5865790723054773 0.6033954318814212 0.5753205110766267 0.5817860626706701 0.6329454993180244 0.61180889453125 0.6442040605468751
7 0.5786624508560052 0.6763432448745303 0.5418942792968748 0.6193221582031251 0.5158581546127445 0.6361106965317198 0.5526263261718749 0.6931317832031251
7 0.5790959151053185 0.6921191202462033 0.56912677734375 0.60547378515625 0.5421402763009314 0.6085787664725468 0.5521094140625 0.6952241015625
7 0.593218829726258 0.8336082325632158 0.5903826308593749 0.771421947265625 0.5717031585549919 0.7722738826711592 0.5745393574218749 0.83446016796875
7 0.6210751742266927 0.6513718854508511 0.5903910096622688 0.6496459022280732 0.5874528256699513 0.7018803156053471 0.6181369902343752 0.7036062988281251
7 0.38796154745958994 0.6137090774188707 0.34628107617187504 0.6040440410156251 0.3389792357435352 0.6355332292217546 0.3806597070312501 0.6451982656250002
7 0.5850948446654334 0.3584227722784988 0.55090762890625 0.3536151953125001 0.5383886123658168 0.4426393175652513 0.5725758281250002 0.44744689453125003
7 0.6051244295069225 0.5282641347126844 0.5910472480468749 0.47716917578124995 0.5634838590554352 0.4847631701126097 0.5775610405154827 0.5358581290440442
7 0.4229512337907176 0.5381531309249645 0.3716037890625001 0.48490392968749996 0.3434540044905324 0.5120483651687854 0.39480144921874993 0.56529756640625
7 0.3540676563431955 0.409129854940616 0.35118248046875 0.375048705078125 0.2963954374068045 0.37968676029375903 0.29928061328125 0.41376791015625003
7 0.4429680333285531 0.35104528133539487 0.416263220703125 0.34574358984375003 0.40286850378082195 0.41321326553960525 0.42957331640625007 0.4185149570312501
7 0.3355991794352199 0.46031544339077674 0.2984711738281251 0.45136494140625005 0.28146035572103034 0.5219283300467233 0.3185883613281251 0.5308788320312501
7 0.32997529298959405 0.6009495717075479 0.31361801953125 0.53997621875 0.2829411679479058 0.5482058736049522 0.29929844140624995 0.6091792265625001
7 0.3346314575622732 0.7517581441646504 0.31462284765625 0.691894986328125 0.27890010103147683 0.7038349261478496 0.29890871093750004 0.763698083984375
7 0.3484375000000001 0.80347222265625 0.3234375000000001 0.80347222265625 0.3234375000000001 0.8600694453125 0.3484375000000001 0.8600694453125
7 0.3393036763934036 0.876138316542212 0.32016349804687505 0.7995776054687499 0.29377460876284645 0.806174827989038 0.312914787109375 0.8827355390625
7 0.6067222569214146 0.637395727868521 0.5788120937500001 0.6323494707031252 0.5668606551879606 0.6984512545533544 0.5947708183593751 0.7034975117187501
7 0.6281413269428207 0.6437766616385878 0.5939227968750002 0.6170101660156252 0.5786092589946795 0.6365871313301628 0.6128277890625 0.6633536269531253
7 0.6459817844147686 0.6070033852839478 0.60233441796875 0.5023112890625001 0.5438064753508562 0.5267122768254274 0.5874538417968749 0.6314043730468751
7 0.5030100307662596 0.5102821031427653 0.39509452343749996 0.40636346484375 0.33750823485874043 0.4661646097478599 0.4454237421875 0.5700832480468753
7 0.5924374491417529 0.33453434223701917 0.51525542578125 0.2700094628906251 0.3879989004676222 0.42222851713798104 0.46518092382812504 0.4867533964843751
7 0.5916600230494398 0.4578954395419454 0.5714080742187501 0.4510604062500001 0.5528863832005603 0.5059394862393047 0.57313833203125 0.5127745195312501
7 0.6702100074054611 0.3997117916250547 0.619156927734375 0.34702168359375013 0.531213394938289 0.4322328997811955 0.5822664746093751 0.4849230078125001
7 0.5473740129610659 0.44032921893693866 0.54522948046875 0.388860470703125 0.5036376979764342 0.3905934627036864 0.5057822304687501 0.44206221093750003
7 0.5235904340933795 0.34209328476447254 0.513317888671875 0.294101236328125 0.42206852098474545 0.31363287343865254 0.4323410664062499 0.36162492187500006
7 0.4291816125318644 0.3231503704012264 0.3685505800781251 0.31125329296875004 0.34787443434313575 0.41662505928627375 0.40850546679687505 0.4285221367187501
7 0.4089279939843283 0.41453845156061886 0.35650973397080815 0.3934775439747388 0.31213521264272986 0.5039207994453699 0.36455347265625 0.52498170703125
7 0.37006352382081587 0.3978513751347622 0.331170912109375 0.3808854648437501 0.2938373433666841 0.4664688475214879 0.332729955078125 0.4834347578125
7 0.36172496540347215 0.517922298894795 0.355587826171875 0.468623123046875 0.3181479974871527 0.473283919855205 0.3242851367187499 0.522583095703125
7 0.3658964950346667 0.5695709954527713 0.304964138671875 0.564229521484375 0.29792770809033337 0.6444969342347285 0.35886006445312507 0.6498384082031249
7 0.4115542491235523 0.6373701764967721 0.407770376953125 0.6019655117187499 0.38121852822019764 0.604803239518853 0.38500240039062494 0.640207904296875
7 0.3895684615288282 0.7345430804549994 0.37358624609375 0.6699178320312499 0.34866867128367185 0.6760800992325006 0.36465088671875 0.7407053476562501
7 0.38424131334010025 0.7324838203809141 0.3579696855468751 0.731140384765625 0.35579874330052497 0.7735943632128359 0.38207037109375014 0.774937798828125
7 0.5932911842090673 0.7586085559683107 0.5471444316406251 0.7444498925781253 0.5141271380565579 0.8520618073129398 0.5602738906250001 0.8662204707031251
7 0.4396959980808342 0.3533682194073109 0.40815486718749994 0.3380755507812499 0.40105745467241855 0.3527139649531676 0.4325985855657528 0.3680066335792286
7 0.3971737442715676 0.3785044685095369 0.3637416425781251 0.37470334570312513 0.3572932537753076 0.4314190060998383 0.3907253554687501 0.43522012890625006
7 0.5085666368655084 0.6716942958218642 0.473443322265625 0.6136501328124999 0.44975494321261666 0.6279842940218858 0.48487825781250005 0.6860284570312501
7 0.3129362843198007 0.7499199878207825 0.29484015429687516 0.749403658203125 0.29294267271144964 0.8159058930385926 0.3110388027343752 0.8164222226562501
7 0.36211873593933785 0.8075515552413051 0.36136702539062493 0.7273690703125 0.307703941795037 0.7278721615555699 0.30845565234374994 0.808054646484375
7 0.3830394544042111 0.42647829451601715 0.3559217792968751 0.3662167929687499 0.3385486522867649 0.37403469995351235 0.3656663273941009 0.43429620150077963