5 0.526375460768093 0.7430096404812222 0.49836069140625 0.6633231894531251 0.46046618181003196 0.6766454786594027 0.488480951171875 0.7563319296874998
5 0.5369586774937932 0.6986163995110056 0.5109216933738931 0.696363199050986 0.5066987463488499 0.7451616999306053 0.53273573046875 0.747414900390625
5 0.5578125 0.6555555546875 0.515234375 0.6555555546875 0.515234375 0.71284722265625 0.5578125 0.71284722265625
5 0.5005667867834701 0.7022141711542036 0.4085061661365855 0.6785597065604856 0.3710047270093655 0.824511256109407 0.46306534765625007 0.8481657207031251
5 0.49411434319237624 0.7262564506289135 0.451525552734375 0.6294137265624999 0.41543096344824887 0.6452871431210866 0.45801975390625005 0.7421298671875001
5 0.4503094579415029 0.5999448405191946 0.4188146654202123 0.5892329490162405 0.3938624164630845 0.6625968272470459 0.4253572089843751 0.6733087187500001
5 0.3661318076722299 0.609167340269245 0.33425494726562505 0.6078225351562498 0.3313373837340201 0.676979593324505 0.363214244140625 0.6783243984375001
5 0.3500053223897994 0.805753311958519 0.34550439062500005 0.7364056171875 0.3179910838602007 0.7381913364789812 0.3224920156250001 0.8075390312500001
5 0.42941574972419044 0.856913327038173 0.39795628515625003 0.75163720703125 0.3490406721508096 0.766254567493077 0.38050013671875 0.8715306875
5 0.48141110565770084 0.8726944412607087 0.47267856445312495 0.790636263671875 0.41361352131729545 0.7969219007416881 0.42234606252187135 0.8789800783305218
5 0.5327612573746303 0.8454038091350478 0.52223076171875 0.7809207714843751 0.4869199457503697 0.7866872553180774 0.49745044140625 0.85117029296875
5 0.512109375 0.745833333984375 0.48007812500000013 0.745833333984375 0.48007812500000013 0.795486111328125 0.512109375 0.795486111328125
5 0.5449167795138297 0.8066839538222188 0.5357518515625002 0.73558633984375 0.5060452849392953 0.7394157024277812 0.5152102128906249 0.81051331640625
5 0.5930306491555 0.7990987348521703 0.5505544003906251 0.7207358437500002 0.5169207797137348 0.738966794888242 0.5593970284786098 0.8173296859904121
5 0.5760856411254249 0.7260275795634255 0.546968642578125 0.706616248046875 0.5356705659058251 0.7235633637959495 0.564787564453125 0.7429746953125
5 0.609765625 0.6868055546875 0.57890625 0.6868055546875 0.57890625 0.7475694453125 0.609765625 0.7475694453125
5 0.4144409644128265 0.32776021883802187 0.325109791015625 0.306823224609375 0.29265038129029847 0.4453167030369782 0.3819815546875 0.46625369726562504
5 0.47632899580140553 0.5135592733575262 0.46870174023437494 0.4800946894531251 0.4243135393548445 0.4902116582830989 0.431940794921875 0.5236762421875
5 0.4570931873408434 0.5742059368046253 0.380663208984375 0.470301126953125 0.32189579219565134 0.513529081459245 0.39832577055211976 0.6174338913107453
5 0.3901200498609649 0.5629396884537591 0.34883769531250003 0.558222857421875 0.3420882860765353 0.6172946162337408 0.38337064062500015 0.6220114472656249
5 0.3334033027706756 0.8272787097919051 0.319770333984375 0.74681391015625 0.2651723241824494 0.7560643273174699 0.27880529296875 0.836529126953125
5 0.318484561027052 0.7258191147188056 0.2855468750000001 0.7072916660156252 0.2512420018263246 0.7682781061830941 0.28417968785337655 0.7868055548862745
5 0.3390390032977227 0.7530161897633625 0.30651062890625014 0.7018348906250003 0.2814222740460275 0.717779843439763 0.3139506484375001 0.7689611425781252
5 0.3613188627969282 0.7182663950693524 0.317302546875 0.68892218359375 0.29939389276196604 0.7157851639751187 0.34341020868389427 0.7451293754507211
5 0.2799432619441782 0.7063822905202384 0.2629296875 0.70159722265625 0.24927548805582195 0.7501454868235118 0.2662890625000001 0.7549305546875001
5 0.31140961924435945 0.6201823809744693 0.28613165625 0.5864633828125001 0.2329491366150156 0.6263324725411558 0.25822709960937507 0.660051470703125
5 0.31373839716558327 0.6264310139347172 0.30708834375000005 0.5736246640625 0.2832362063500418 0.5766284313777827 0.289886259765625 0.62943478125
5 0.31344641055121913 0.5820147918605291 0.30524035351562506 0.5129623476562502 0.25712474960503096 0.5186803116550962 0.2653308066406251 0.5877327558593751
5 0.36027128319902346 0.4069592555562918 0.3417996933094699 0.406486970701849 0.34120060737607144 0.42991789287993226 0.359672197265625 0.43039017773437505
5 0.35107802558155804 0.4356249572560882 0.30874295898437504 0.417705353515625 0.298866650199692 0.4410381345407869 0.341201716796875 0.4589577382812501
5 0.6469235517666966 0.6494734525554244 0.6149331113281251 0.579219939453125 0.5885569697176786 0.5912305044758257 0.62054741015625 0.661484017578125
5 0.5339261546293177 0.4818550143717347 0.4696200117187501 0.4779232519531251 0.4644934645113074 0.5617707590657655 0.528799607421875 0.565702521484375
5 0.5836581629128575 0.4590813525449109 0.5642246464843749 0.3381616875 0.5249761222925695 0.34446948565170554 0.5444096387210522 0.4653891506966165
5 0.5463717747624851 0.341926151153714 0.4922100779717541 0.33723908184896806 0.479806873521769 0.48056501858587913 0.5339685703125 0.4852520878906251
5 0.38688796969088046 0.7223951542179305 0.38386667578125 0.6821112324218751 0.3504090420278695 0.6846205547664447 0.35343033593749995 0.7249044765625001
5 0.36282962780889916 0.7200530638092812 0.354470451171875 0.618927423828125 0.2731099346911008 0.6256527897063439 0.281469111328125 0.7267784296875001
5 0.4067069941007818 0.7817138728404256 0.3970870234375 0.7044120605468751 0.33715035941484317 0.7118709923939496 0.34677033007812497 0.7891728046875001
5 0.4310343177464381 0.6859513464299833 0.394223171875 0.59030529296875 0.3390165370675949 0.6115525835094965 0.3758276829390329 0.7071986369707298
5 0.5691341489935148 0.5633470008688477 0.5451944972469898 0.5173525570569575 0.45293325450347494 0.5653736186881099 0.47687290625 0.6113680625000001
5 0.5936028842676179 0.5351536315069468 0.5742524238281249 0.45488505859375006 0.551258375498007 0.46042826693055333 0.5706088359375 0.5406968398437502
5 0.6407170719743173 0.5344914574922937 0.587737853515625 0.4935413359375001 0.5655242339358367 0.5222802055621283 0.618503452394529 0.5632303271169219
5 0.619303096106869 0.6943054816441369 0.6036091503906251 0.588769373046875 0.5435166849012282 0.597705536260404 0.559210630617472 0.7032416448576658
5 0.5916035352279176 0.5951874655380168 0.5474232159900927 0.571842183167439 0.5051333487309251 0.6518746199731722 0.54931366796875 0.6752199023437502
5 0.6190350901788224 0.5940564226990301 0.602819587890625 0.51644376171875 0.5648871622469891 0.5243689291727758 0.5811026645351864 0.601981590153056
5 0.6191240156557449 0.5926457740556839 0.6102759333179963 0.5708233411167712 0.5804912946153764 0.5828997643267125 0.589339376953125 0.6047221972656251
5 0.5171837768561245 0.5233769062040942 0.4455332695312501 0.4956270175781251 0.3949447739251257 0.6262470508271559 0.46659528125000005 0.6539969394531251
5 0.5627916627418819 0.36701216809945336 0.49532452734375 0.31122528125000004 0.39354740171124314 0.43431175377554676 0.461014537109375 0.4900986406250001
5 0.3609547789268583 0.4253654330483538 0.27987339453125004 0.4088324316406251 0.25425065076064185 0.5344918618735214 0.3353320351562501 0.5510248632812501
5 0.44934323004627486 0.43018939125183864 0.39573535937499993 0.28290312890624997 0.3344657601881001 0.3052034622637863 0.388073630859375 0.452489724609375
5 0.4717292480548197 0.39338140904413865 0.46536965625000004 0.335112330078125 0.4226802499920553 0.3397715284558614 0.42903984179687493 0.398040607421875
5 0.43431740838150024 0.4509858740126017 0.410875125 0.4424535722656251 0.38981520685287496 0.5003151650498985 0.4132574902343752 0.508847466796875
5 0.2887200309666528 0.756955281869059 0.26697766043146864 0.748149622367323 0.24790124274606593 0.7952518912795139 0.2696436132812501 0.80405755078125
5 0.28575904583635126 0.6628457597407613 0.26887554101562505 0.6561187382812501 0.25133903814802383 0.7001319218998638 0.26822254296875003 0.7068589433593752
5 0.28887669219943735 0.7175404492606533 0.2760554277343751 0.6885307128906251 0.2631004604634779 0.6942563444302485 0.27592172492854017 0.7232660808002768
5 0.37188525360433067 0.5821377797968124 0.33724376367187503 0.5595090644531251 0.2894385940519194 0.6326922866094379 0.32408008398437504 0.6553210019531251
5 0.3658972824258113 0.5558836850055875 0.33716175195312503 0.5241900839843752 0.27882681327731385 0.5770804263225378 0.30756234375000013 0.6087740273437501