5 0.48342074067796625 0.33544669149856027 0.422442908203125 0.33115918750000006 0.41194584525953376 0.48045074404831484 0.472923677734375 0.48473824804687504
5 0.47625807553716887 0.5910579663663428 0.4646333515625 0.50879847265625 0.40639448305658116 0.5170286566805321 0.41801920703125 0.5992881503906249
5 0.48215317150577947 0.649590698049641 0.4361016640671618 0.6473381795921949 0.43261948865513244 0.7185293506831791 0.4786709960937501 0.7207818691406253
5 0.46320085897388763 0.7014238294519849 0.4310697109375 0.6873664531250001 0.4063424105573624 0.7438860006261402 0.43847355859375003 0.757943376953125
5 0.4560674166824112 0.742539002286174 0.4259419042968751 0.7419834082031251 0.42476637042696397 0.8057233961513262 0.45489188281250004 0.806278990234375
5 0.4910156250000001 0.742361111328125 0.45468750000000013 0.742361111328125 0.45468750000000013 0.82534722265625 0.4910156250000001 0.82534722265625
5 0.4545437198897157 0.7887013314356444 0.41683357812500005 0.7758857753906251 0.39384310432903447 0.843535904892481 0.4315532460937501 0.8563514609375003
5 0.42984812772751707 0.7316059069861064 0.39274292773437514 0.72728762890625 0.3855256613349831 0.7893026516076437 0.42263086132812505 0.7936209296875001
5 0.43787572253358104 0.6663010527560614 0.3995588341683752 0.6539438568513323 0.3728322835097943 0.736816886126521 0.41114917187500016 0.7491740820312501
5 0.5794939631657964 0.6757992651598103 0.566812236328125 0.6112730878906251 0.5359223825373285 0.617344061012065 0.5486041093749999 0.6818702382812502
5 0.625501443117243 0.6726488800173157 0.62279693359375 0.604802376953125 0.5690775431362481 0.6069437489697652 0.5717820526597411 0.6747902520339559
5 0.6075804670369949 0.7277097168846524 0.59306435546875 0.668506751953125 0.5578515930581468 0.6771406504136092 0.5723677046263915 0.7363436153451365
5 0.6000878269024483 0.7264695720913417 0.5753034355468751 0.7148200585937501 0.5476319152850518 0.7736913400180334 0.572416306640625 0.785340853515625
5 0.6190371307256601 0.7197619445031235 0.5871968750000001 0.7165055546875 0.5808316192743399 0.7787436101843765 0.6126718750000001 0.782
5 0.6310022143374554 0.73744345675812 0.6210856289062499 0.690965724609375 0.5930772583187944 0.6969416487106301 0.60299384375 0.7434193808593751
5 0.6197984351291127 0.7043998564015711 0.6191355214843751 0.6702230136718751 0.5940372054580179 0.6707098350054136 0.5947001191027554 0.7048866777351096
5 0.6443405744621662 0.6340360206150314 0.608203125 0.569791666015625 0.5847609880378336 0.5829778680568436 0.6208984374999998 0.64722222265625
5 0.6069094745599475 0.6062161063993018 0.5942867320796628 0.5788292629293968 0.5547505309572153 0.5970517092644702 0.5673732734374999 0.6244385527343751
5 0.6260603504956075 0.3999008349066595 0.516011443359375 0.34541811328125016 0.48306168818241463 0.4119728748543174 0.5931105953186471 0.46645559647972673
5 0.3801720190265428 0.35221121163056823 0.30142440234375006 0.34187558593750006 0.28720317823908237 0.45022775907255685 0.3659507949218751 0.4605633847656251
5 0.3597795416812212 0.47875029846318506 0.3361791456038811 0.4412536177416825 0.27162104337578485 0.4818864618566225 0.29522143945312496 0.519383142578125
5 0.3720015973401307 0.4947918090304936 0.33740480859374994 0.4725259707031251 0.28706805695674426 0.5507395073757566 0.32166484570312504 0.573005345703125
5 0.3934180027213748 0.4767585819386042 0.37728645312500003 0.46626677343750006 0.3488693156380003 0.5099591895457709 0.365000865234375 0.5204509980468751
5 0.3690681872776583 0.5893311780173287 0.3169417128906251 0.5825647617187502 0.30575844553484194 0.6687173532326716 0.3578849199218751 0.6754837695312501
5 0.40770966525755414 0.8404002109826265 0.40725204101562507 0.7745021835937501 0.3498136452894151 0.7749010605153113 0.3502712695313442 0.8407990879041877
5 0.3541987354572907 0.774169389326336 0.3249650723488267 0.7680029136680631 0.3139289521259111 0.8203222997323523 0.3431626152343751 0.8264887753906253
5 0.31723897509307064 0.6789650439152497 0.29478528515625 0.6010305390624999 0.24835362646942932 0.6144079521785002 0.27080731640624994 0.6923424570312499
5 0.336826565425322 0.5897890091735897 0.335848240234375 0.55326483203125 0.30956501465280295 0.5539688462951603 0.31054333984375 0.5904930234375
5 0.41554593328818207 0.687177747281351 0.36580048046875013 0.6203591640625001 0.33212284210244314 0.6454316706873994 0.3818682949218751 0.7122502539062502
5 0.3848782721902416 0.6352066915637489 0.3626710292968751 0.5823190019531251 0.33301802594069885 0.5947701309946203 0.3552252688340654 0.647657820605244
5 0.5994971610085646 0.4591881048409604 0.5676399511718749 0.457508134765625 0.5654280792258103 0.49945177992466466 0.5972852890625 0.50113175
5 0.6272632554201331 0.5716746605631348 0.5943253808593749 0.48969594531249994 0.5629024965329918 0.5023212105306153 0.59584037109375 0.5842999257812501
5 0.603515625 0.563888888671875 0.587109375 0.563888888671875 0.587109375 0.59340277734375 0.603515625 0.59340277734375
5 0.3417968750000001 0.6555555546875 0.3046875000000001 0.6555555546875 0.3046875000000001 0.689236111328125 0.3417968750000001 0.689236111328125
5 0.3811025035224454 0.48551585577838685 0.34588090429687496 0.43937761718750007 0.32008164201990824 0.45907258830012043 0.3553032412454787 0.5052108268910073
5 0.383467004661607 0.3318458812514173 0.36659165625 0.32103511132812507 0.33849945236964313 0.36488635702983285 0.35537480078125006 0.37569712695312507
5 0.4580033998170766 0.3416054065761158 0.38474837890625 0.3104412421875001 0.32329029744854837 0.4549056656895092 0.39654531835937495 0.486069830078125
5 0.5243573940330131 0.4366849411513469 0.5146300937499999 0.38048277148437504 0.4819891743263618 0.3861321623642783 0.4917164746093749 0.4423343320312501
5 0.5470505956983409 0.3875031312461478 0.5204653605817232 0.3751496656687916 0.4922818234771323 0.43580195434451885 0.51886705859375 0.44815541992187513
5 0.588369312918297 0.6232035910422864 0.5861326640625 0.529761353515625 0.544124823800453 0.5307668601295886 0.54636147265625 0.62420909765625
5 0.504138783029075 0.5799448764287246 0.46064504101562503 0.5713331152343751 0.44004018572092507 0.6753980376337755 0.4835339277343751 0.684009798828125
5 0.568219618556583 0.6997126383680631 0.522863439453125 0.584522345703125 0.45626583652154196 0.6107451526475619 0.501622015625 0.7259354453125
5 0.42676057980718407 0.6940485225910504 0.35378287890625004 0.662249259765625 0.2955418108178161 0.7959095672526997 0.36851951171875014 0.8277088300781251
5 0.4336007056543993 0.597583943256603 0.35784855859375003 0.49856153125 0.3071256302831008 0.5373645723683971 0.38287777734375006 0.6363869843750001
5 0.46974753233474553 0.558993203822358 0.3976546542968751 0.45413083203125004 0.3387377469621295 0.49463620438076716 0.41083062499999995 0.5994985761718751
5 0.3194097218000025 0.5947101127636316 0.29904091210937506 0.591982146484375 0.29186611023124764 0.6455539868457434 0.31223491992187513 0.648281953125
5 0.35490531806010295 0.6722397457537282 0.33428937109375 0.66148157421875 0.2943127268617721 0.7380890511212718 0.31492867382812506 0.74884722265625
5 0.32297170455872726 0.7022991956992969 0.31007569140624996 0.6564466972656249 0.29224837747252264 0.661460628519453 0.30514439062499993 0.707313126953125
5 0.3272478596720588 0.7549465080888196 0.31720776171875 0.697829498046875 0.29195972403782466 0.7022676290215035 0.30199982199113357 0.7593846390634481
5 0.3209098917205796 0.6868531128399745 0.29750358984375 0.6758106230468751 0.27744370007629554 0.7183307289569006 0.3008500019531251 0.72937321875
5 0.3268928490423849 0.7344985981843276 0.29884604687500005 0.7196237753906252 0.27185927595761517 0.7705079193937976 0.29990607812500003 0.7853827421875
5 0.5281936498857873 0.42831614248578587 0.5071539375000002 0.32701381640625005 0.462405691991854 0.3363076821218387 0.48344540437764116 0.4376100082013745
5 0.3348713454629494 0.59850358982655 0.32886140820312504 0.564697689453125 0.2871289357870507 0.5721167949390751 0.293138873046875 0.6059226953125001