5 0.5975501557389628 0.7996353284440715 0.5395513730468751 0.7499004257812502 0.5084529946516624 0.7861660660871789 0.5664517773437501 0.8359009687500002
5 0.5370418142811711 0.7520964359527643 0.5066015625 0.746388888671875 0.4948331857188289 0.8091535640472357 0.5252734375000001 0.814861111328125
5 0.4045474238161636 0.810671456713086 0.39965303320312506 0.7265604570312499 0.3602122265744614 0.7288555042244138 0.3651066171874999 0.8129665039062499
5 0.49573163121145336 0.6272128157907026 0.4647506015015245 0.6262446582012197 0.46267281599319615 0.6927337662386421 0.4936538457031251 0.6937019238281251
5 0.551341991806261 0.706639435231173 0.54394628515625 0.61710833203125 0.4858554553123569 0.6219069184579333 0.4932511619623678 0.7114380216578563
5 0.561755479677074 0.7707072177890851 0.530444744140625 0.6858203339843749 0.494577841954412 0.6990499289291936 0.5258885774908609 0.7839368127339038
5 0.6015882758987332 0.7333914044661068 0.599939408203125 0.6630397890625 0.5621834545700166 0.6639246951432682 0.5638323222656249 0.734276310546875
5 0.5685796570859012 0.7434481642071474 0.56595078125 0.6655555273437499 0.535672768629506 0.6665774100138246 0.5383016444654072 0.7444700468772222
5 0.5970612998343628 0.8303793275859641 0.5934522285156251 0.759801912109375 0.5676319618894812 0.7611222662636511 0.571241033208219 0.8316996817402402
5 0.626171875 0.70625 0.59375 0.70625 0.59375 0.785763888671875 0.626171875 0.785763888671875
5 0.4303474045663713 0.33648524417720826 0.38603673046875003 0.3262529765625001 0.35146656808987875 0.4759585214477918 0.3957772421875 0.4861907890625
5 0.40117504090867107 0.5130025462292285 0.359514357421875 0.5057920429687501 0.34542124229445403 0.5872189264270216 0.38708192578125006 0.5944294296875
5 0.5497493267546987 0.600066225733642 0.506712080078125 0.591565041015625 0.4998028822296763 0.6265428543444831 0.54284012890625 0.6350440390625001
5 0.5926584586222912 0.5740904402787028 0.583076068359375 0.503109767578125 0.5535056155964587 0.507101778471297 0.5630880058593749 0.5780824511718748
5 0.5750052426388689 0.5109832991137404 0.54335518359375 0.4763575937499999 0.5249067406720537 0.49322062373389275 0.5565567997171725 0.5278463290976332
5 0.6303801923210415 0.6470923734564236 0.60679534765625 0.564680962890625 0.5726028838508335 0.5744663062310765 0.596187728515625 0.6568777167968751
5 0.6017934534069933 0.4547014296323497 0.558404447265625 0.45165064062500004 0.5538375563586317 0.5166019883364004 0.5972265625000001 0.51965277734375
5 0.6080010185039573 0.6734313221404818 0.5815135410156249 0.5878152324218748 0.5436885654804176 0.5995173341095181 0.5701760429687499 0.6851334238281251
5 0.39742251845342336 0.724308418575737 0.37827316796875 0.63920019140625 0.34875204990595166 0.6458424427523879 0.367901400390625 0.730950669921875
5 0.3788574726840369 0.7209546655302699 0.36149133203125006 0.716514458984375 0.34570641989408823 0.7782510024384803 0.3630725605468751 0.7826912089843752
5 0.36386860623511985 0.6469662768815806 0.33548106411441014 0.6418855526737528 0.3231526063167903 0.7107683734484224 0.35154014843750003 0.7158490976562502
5 0.38673422301457266 0.48388325680279837 0.338518288310469 0.4612145719120582 0.2918559402958963 0.5604646490936349 0.34007187499999997 0.5831333339843751
5 0.3467840379338494 0.46089729044063077 0.3304220997292342 0.45994519520582294 0.3292602473422598 0.4799118500776922 0.34562218554687507 0.48086394531250004
5 0.3707173097560896 0.35721415510857446 0.31043809765625013 0.355914150390625 0.3078512859470356 0.47586061637580057 0.36813049804687503 0.47716062109375
5 0.4268001103866793 0.5906145046833468 0.40035983091987326 0.5676039795015378 0.346815327955069 0.6291293732556911 0.373255607421875 0.6521398984375
5 0.4673734521583432 0.6041179182326814 0.3981640625000001 0.5846527773437501 0.363701840810407 0.7071851208298189 0.43291123046875013 0.7266502617187501
5 0.5349299184094536 0.6331599496288352 0.50910225390625 0.52092121484375 0.4633873101061714 0.5314408472461649 0.48921497460937496 0.6436795820312501
5 0.6287514461487366 0.5725999122179524 0.593452091796875 0.5068923593750001 0.5633733038512634 0.5230512596570478 0.598672658203125 0.5887588125000001
5 0.3737661661894373 0.8092718044433268 0.350219005859375 0.74935223046875 0.3247393103730627 0.7593652268066733 0.348286470703125 0.8192848007812501
5 0.33534676587123424 0.6552619360622084 0.31665772851562507 0.6519286777343749 0.3028859196756409 0.7291449701877916 0.32157495703125005 0.732478228515625
5 0.3685244618191508 0.6577291778751726 0.36570381054687506 0.6067485136718751 0.3308974502902243 0.6086742752498275 0.3337181015625 0.659654939453125
5 0.3848471523347595 0.723208572391185 0.35722656250000007 0.6847222226562502 0.3374981875089907 0.6988807322963154 0.36511877734375014 0.7373670820312501
5 0.3487841494711262 0.702460979972674 0.3234947246093751 0.6993812753906251 0.318106157169499 0.7436302504960761 0.3433955820312501 0.7467099550781251
5 0.36470165407944855 0.7163757406276947 0.34362378919856784 0.7106078120027649 0.32987089488474447 0.7608653077031954 0.3509487597656252 0.7666332363281252
5 0.38615949152387885 0.5885126235560835 0.31624185546875005 0.513933822265625 0.2857963248823713 0.5424765112095415 0.3557139609375001 0.6170553125
5 0.35290773007255277 0.5840360484789684 0.3303301445312499 0.5738761347656252 0.3017327035211972 0.6374260023022817 0.32431028906250003 0.647585916015625
5 0.449207347368166 0.35463232214262735 0.42348977929687504 0.3470548242187501 0.39518041630370915 0.4431350841073728 0.4208979843750001 0.4507125820312501
5 0.5743773397713987 0.5927701731890087 0.54387014453125 0.49347838476562494 0.4970830703848512 0.5078536158734912 0.5275902656249999 0.6071454042968749
5 0.5778503982700706 0.5893154116338007 0.5628804757687711 0.5601672484545185 0.5225014134362005 0.5809051395550928 0.5374713359375 0.6100533027343751
5 0.5906245421933556 0.5752606236645975 0.57071953125 0.561106470703125 0.5291717527285194 0.6195351868822774 0.549076763671875 0.63368933984375
5 0.5706622952999165 0.6791723369848344 0.5515498046875 0.620655080078125 0.5335504742313333 0.6265338934839157 0.5526629648437498 0.6850511503906251
5 0.6243434008357057 0.7024057919709815 0.61356241015625 0.6449071757812499 0.5896552902167707 0.649389760829726 0.6004362808962264 0.7068883770194576
5 0.6393701002057245 0.6617234137407644 0.61354261328125 0.65324876953125 0.5966304173724004 0.7047906995404856 0.622457904296875 0.7132653437500001
5 0.5903329138987107 0.3458228119568982 0.49495209174972216 0.34351874999886095 0.4923372657416366 0.4517642134325879 0.5877180878906251 0.4540682753906251
5 0.5093313450888964 0.42975245826273134 0.4827285332031249 0.36872808593749995 0.44906048889547856 0.38340524876851867 0.4756633007812501 0.44442962109375006
5 0.5078382298955207 0.3428198099412408 0.4563060410156251 0.31789111328125014 0.41082922518260445 0.4119000338087595 0.46236141406250003 0.43682873046875015
5 0.5103210683327133 0.3789307775765011 0.49446639843749995 0.325525580078125 0.4706113691672866 0.332607542735999 0.48646603906249997 0.38601274023437515
5 0.3503062472370743 0.7719631678211697 0.33597348046875 0.7440559785156251 0.3220036086393275 0.7512307216444402 0.3363363754076518 0.7791379109499847
5 0.3383580230897038 0.7362747790808489 0.3303240664072383 0.736094015581077 0.32986019175503456 0.756710726734603 0.33789414843750004 0.756891490234375
5 0.3255784009031732 0.7447645964005767 0.32321512695312504 0.716615369140625 0.3117509897218268 0.7175778430525482 0.31411426367187495 0.7457270703125