7 0.5781505932354971 0.5108865800290832 0.544687143421908 0.48170200098563143 0.4756797181551609 0.5608268877534233 0.50914316796875 0.5900114667968751
7 0.5890632692852322 0.5733336984991095 0.5267391718750001 0.5437874589843751 0.5051989178171602 0.5892239312458443 0.5675230152273923 0.6187701707605788
7 0.5537832252130142 0.6164886415796035 0.5080225507824175 0.615369496046012 0.5065801283037786 0.6743486220445336 0.5523408027343752 0.6754677675781251
7 0.501864681352021 0.5167911432855379 0.4460156246462264 0.5063194452461675 0.42844781829420553 0.6000144132887547 0.48429687500000007 0.610486111328125
7 0.5389302284008012 0.37675448557344543 0.454148318359375 0.32223751171875015 0.42031810753669885 0.3748484636453049 0.505100017578125 0.42936543750000017
7 0.5821641687782807 0.40845871034360864 0.5562109375 0.31618055468750006 0.5129530187217194 0.32834684434389155 0.53890625 0.42062500000000014
7 0.522877151030766 0.46868531490900517 0.5152764414062501 0.41913995703125 0.48762465170360897 0.4233819936847449 0.495225361328125 0.47292735156250004
7 0.5683422414519584 0.41143093242169937 0.5199877109375 0.40884051171875013 0.5170176608917914 0.4642814582033008 0.56537219140625 0.46687187890625004
7 0.6022723216867014 0.36839411424986407 0.556374919921875 0.36178969140625006 0.5460721802664237 0.43338852637513603 0.59196958203125 0.43999294921875004
7 0.43011029045753013 0.8170010160503162 0.42244277343750003 0.725477623046875 0.3692423581560682 0.7299345719891821 0.37690987517609825 0.8214579649926232
7 0.459817924006686 0.7864709634395485 0.4265795351562501 0.783921427734375 0.4206286404464392 0.8615034564823265 0.4538670292968751 0.8640529921875
7 0.5116069466687552 0.7842292722858244 0.45738483972045574 0.7807926601484356 0.4514163598485757 0.8749620167688611 0.5056384667968751 0.8783986289062499
7 0.4556539293127905 0.7236241770261412 0.4175980937500001 0.7225538574218751 0.41612658045283474 0.774874367895734 0.4541824160156251 0.7759446875000002
7 0.4200777211136641 0.6707295584373929 0.38328369335937507 0.669487759765625 0.381271716386336 0.7291018810157321 0.41806574414062503 0.7303436796875
7 0.4489472726085886 0.6622359388374397 0.4192964199218751 0.661193525390625 0.41689355942266165 0.7295415142875604 0.4465444121093751 0.7305839277343751
7 0.47875576935199093 0.6646284782768443 0.444858953125 0.664185060546875 0.44395010174175914 0.7336616877387805 0.47784691796875006 0.7341051054687499
7 0.42022904473907446 0.6748511060101116 0.41556123632812497 0.6052728222656248 0.37145784002655047 0.6082315932086383 0.37612564843749996 0.677809876953125
7 0.3944506395479617 0.726637510988265 0.383513962890625 0.652296712890625 0.3340261299832882 0.6595771354961099 0.34496280664062495 0.7339179335937499
7 0.3975527761857106 0.7149080662302659 0.3718658339843751 0.7056194843750001 0.34467279998616457 0.7808199728322343 0.37035974218750006 0.7901085546875001
7 0.3676135053343259 0.7478864961096697 0.34541279492187504 0.7458051796875 0.3386153794312992 0.8183109511559552 0.3608160898437501 0.8203922675781249
7 0.4089238583326796 0.8397569705001819 0.37361009960937497 0.76876275 0.34120861627669535 0.7848798107498183 0.37652237499999996 0.8558740312500002
7 0.3533613269131822 0.6604874561777182 0.3367109042968751 0.65700870703125 0.32432232933681787 0.7163044481191568 0.34097275195312504 0.719783197265625
7 0.40688296429647697 0.5859046730217964 0.3690968710937499 0.56741483203125 0.320793400937898 0.6661284676032038 0.35857949414062507 0.6846183085937501
7 0.37052285839603355 0.5862751326985611 0.33875600976562503 0.57237713671875 0.2961808681664666 0.669691748160814 0.32794771679687507 0.6835897441406251
7 0.400945622690166 0.5165407099856298 0.36372465625000006 0.4857817167968751 0.3040987972317092 0.5579340165768704 0.3413197636718751 0.5886930097656251
7 0.432815501219288 0.568557618898156 0.42927355859375 0.5028911523437501 0.381899614015087 0.5054464260237193 0.385441556640625 0.5711128925781251
7 0.43984375000000003 0.445833333984375 0.398046875 0.445833333984375 0.3980468750000001 0.513541666015625 0.4398437500000001 0.513541666015625
7 0.39795475079457 0.5511518295115911 0.37963715599920644 0.537772467140235 0.34233028997026155 0.5888490458317689 0.3606478847656251 0.6022284082031251
7 0.5402135127429769 0.7779598019857493 0.52549915625 0.69025069140625 0.47119554004486297 0.6993608370048184 0.48590989653783995 0.7870699475843178
7 0.4893679408343765 0.7965353243714294 0.48686846484375007 0.7254390937500002 0.4566080141751688 0.7265029373497318 0.4591074901657952 0.797599167971161
7 0.607046394139414 0.7294771747947091 0.54043758984375 0.7020010429687502 0.4872455121105862 0.8309515341896663 0.5538543164062502 0.8584276660156251
7 0.5564276104102908 0.6675361499528273 0.5125657949218749 0.6647049062500001 0.5090710849022093 0.7188451859846727 0.5529329003906251 0.7216764296875
7 0.6135991873369031 0.789919701296576 0.60082331640625 0.70663995703125 0.5628671583662218 0.7124627772190489 0.5756430292968749 0.7957425214843749
7 0.582421875 0.652083333984375 0.55 0.652083333984375 0.55 0.73090277734375 0.582421875 0.73090277734375
7 0.5811167108852502 0.6571377851776505 0.5718029804687499 0.6035686152343751 0.5390294727084997 0.6092667363067247 0.548343203125 0.6628359062500001
7 0.5540780400827281 0.6133498947941687 0.54585859375 0.5751456914062499 0.4937375517141469 0.5863592770808312 0.501956998046875 0.6245634804687501
7 0.6124775126523465 0.6168382562131932 0.5718528515625 0.5890607109375001 0.5540072646914035 0.6151598824586821 0.59463192578125 0.6429374277343751
7 0.6243754218147572 0.6429812116564628 0.6152906425781252 0.59112890625 0.5888668789664929 0.5957584797497872 0.597951658203125 0.64761078515625
7 0.6018573558933252 0.5701660879867236 0.55925358984375 0.5160660664062502 0.5332144351222996 0.5365719002945266 0.575818201171875 0.5906719218750001
7 0.6524074613083828 0.6422682693123626 0.65218890625 0.5913692558593749 0.6132464000197423 0.5915364709220123 0.613464955078125 0.642435484375
7 0.6131723445909772 0.7103741293476866 0.6052381894531251 0.631385197265625 0.5732506593152729 0.6345982300273134 0.581184814453125 0.713587162109375
7 0.6228418547709725 0.6982487274284955 0.621405720703125 0.64463298046875 0.6025390475218995 0.6451383370783081 0.603975181589747 0.6987540840380537
7 0.647272756288975 0.6717292151317247 0.6134542089843751 0.670075046875 0.6110622866797751 0.7189765641651504 0.644880833984375 0.7206307324218751
7 0.6442432485857799 0.7521137655863827 0.622433162109375 0.7114488906250003 0.6034484115704702 0.7216311191792427 0.625258498046875 0.7622959941406251
7 0.6236729689643669 0.7718944380368171 0.6216564824218751 0.73604579296875 0.6062949314262583 0.7369098803225578 0.6083114179687501 0.772758525390625
7 0.6228018495822321 0.7374483203063286 0.6097360703124999 0.6953474765625 0.5902251562771426 0.7014025878967964 0.6032909355468749 0.743503431640625
7 0.6452424569209902 0.6472844819351837 0.63265625 0.633125 0.6095231680790097 0.6536877407210664 0.622109375 0.6678472226562501
7 0.5953874089096598 0.5236566306053876 0.5541068417968749 0.47123686132812503 0.5300929534222458 0.49014779787659607 0.5713735205350307 0.5425675671538586
7 0.6259581076862797 0.44688689641597135 0.59090419140625 0.4367751894531251 0.5704400485637202 0.5077175488965289 0.60549396484375 0.5178292558593751
7 0.6624431810241004 0.48897398896335365 0.6127797226562501 0.4783791191406251 0.6057344361633998 0.5114039036147715 0.6553978945312501 0.5219987734375
7 0.6136507371035163 0.49666908224651024 0.5726217832031248 0.494893791015625 0.5705473332089835 0.5428366365034897 0.611576287109375 0.544611927734375
7 0.6377973161203379 0.5369868943350976 0.6132812499999999 0.49340277734375004 0.5975542463796619 0.5022492169930274 0.6220703125 0.545833333984375
7 0.6495346504393545 0.5516756513055852 0.6237178984375001 0.5502234589843751 0.6210234394043959 0.59812495221004 0.6468401914062503 0.5995771445312501
7 0.5350516540493027 0.41696994871751514 0.52914634765625 0.358479298828125 0.5026436584506975 0.3611550512824849 0.5085489648437501 0.419645701171875
7 0.6298260084202857 0.4105254155679508 0.5954408125 0.40855350585937517 0.5939542005640893 0.43447631685392446 0.628339396484375 0.4364482265625001
7 0.4125146918691918 0.4918679343252624 0.39493369140625 0.47298833593750017 0.3634187768808082 0.5023355559091129 0.38099977734375 0.5212151542968751
7 0.4390563974077479 0.5850308491493398 0.42417803710937496 0.5680781015625002 0.3953346064985021 0.5933921664756605 0.410212966796875 0.6103449140625001
7 0.4313084188032588 0.823857437345576 0.418413548828125 0.8039106855468751 0.3886733331498662 0.8231366837481742 0.401568203125 0.8430834355468751
7 0.533444631577912 0.8374053918816787 0.509329044921875 0.765951796875 0.48786740943771284 0.7731950983526964 0.5119829960937499 0.8446486933593751
7 0.57090700586015 0.8502568848682923 0.504047095703125 0.7676975234375001 0.47047465038985015 0.7948858475535827 0.5373345605468751 0.877445208984375
7 0.45801173181431 0.5993702033780242 0.420872291015625 0.5965214394531251 0.4150093931856901 0.672956255606351 0.45214883398437505 0.67580501953125
7 0.5127469831192051 0.6749306449072789 0.5065282753906248 0.5892506835937501 0.4501092571151698 0.5933456129052211 0.45632796484375 0.67902557421875
7 0.5516651285722659 0.47992320475096845 0.5201936884782915 0.45027120806589915 0.4700419192810256 0.5035002845649308 0.501513359375 0.53315228125
7 0.41114464453312805 0.564344014416636 0.37298534179687504 0.56138337890625 0.36929858007624705 0.608901641833364 0.40745788281250006 0.61186227734375
7 0.4799029380188313 0.4114115561293751 0.460660763671875 0.3385974140625 0.3680980854186686 0.363058420433125 0.38734025976562503 0.43587256250000006
7 0.4930057409751264 0.4026714719938418 0.45130984960937504 0.40133124609375004 0.4498383859779987 0.4471100865999083 0.49153427734375005 0.44845031250000006
7 0.5117688229889428 0.44259542157035636 0.446537037182253 0.4297529156454515 0.4269050872401853 0.5294707714188451 0.49213687304687503 0.54231327734375
7 0.6255280801594801 0.5860655907137516 0.5772207324218749 0.5544256914062501 0.5577534022623947 0.5841481338956236 0.6060607499999999 0.6157880332031251
7 0.6508085340836948 0.5425014690405494 0.631901708984375 0.515265265625 0.5784373741194303 0.5523791325219505 0.59734419921875 0.5796153359374999
7 0.6404139170743492 0.6568215266754875 0.6224849765625 0.655560896484375 0.620941250894401 0.6775160787932626 0.6388701914062501 0.6787767089843751
7 0.5667622241471103 0.4749270153878953 0.5511728886718749 0.455509939453125 0.5203110258528896 0.4802879201589798 0.535900361328125 0.4997049960937501