5 0.5514867695375366 0.6171042090152378 0.5501021328125 0.568036138671875 0.4948726445249634 0.5695946425472622 0.49625728125 0.618662712890625
5 0.5528244266148494 0.8212239160307516 0.5520772812499999 0.74020016015625 0.49891197572890045 0.7406904140473732 0.49965912109374994 0.8217141699218748
5 0.5198752031280076 0.7621833352616849 0.4802127910156249 0.745693255859375 0.44380335741886734 0.8332662702070651 0.4834657695312501 0.849756349609375
5 0.5979170004667118 0.8326084002473855 0.5954479472656251 0.772619576171875 0.5450284038301632 0.7746947716276146 0.54749745703125 0.834683595703125
5 0.5095783195455146 0.7373568822890137 0.4450100689798896 0.6932969912781574 0.3531962259968751 0.8278470113328938 0.4177644765625001 0.8719069023437502
5 0.42733353779056715 0.7609300975681772 0.422402609375 0.702683509765625 0.35497344853755786 0.7083917989161977 0.359904376953125 0.76663838671875
5 0.40856779282828426 0.8485430312963311 0.4025962265625 0.752997966796875 0.3451383809998407 0.7565890819849188 0.35110994726562494 0.8521341464843749
5 0.48114091426228245 0.8428542412246264 0.46163027734374995 0.8050523828125001 0.3970223220658426 0.8383984247909989 0.41653295898437503 0.8762002832031252
5 0.37380627001216143 0.7072824421531002 0.3307550449218751 0.6916590136718752 0.29871407764408875 0.7799496789406501 0.3417653027343751 0.7955731074218751
5 0.37747020582468194 0.6985763479440932 0.3491774765625 0.687687369140625 0.3283795871440681 0.7417263258840321 0.3566723164062501 0.7526153046875002
5 0.47812500000000013 0.55 0.42343750000000013 0.55 0.42343750000000013 0.617013888671875 0.47812500000000013 0.617013888671875
5 0.483644910302805 0.6603938508775546 0.483472212890625 0.6171040742187499 0.44404464829097606 0.6172613639739867 0.4442173457031561 0.6605511406327914
5 0.4463727367157164 0.6787195117655996 0.443648884765625 0.614154107421875 0.4028133589086275 0.6158768555076214 0.40553721085871897 0.680442259851346
5 0.5955136775717639 0.7797095536832994 0.591379384765625 0.7233606972656251 0.5563269064126113 0.7259324834260759 0.5604611992187502 0.7822813398437501
5 0.6443020734502902 0.7113843024379973 0.598242646484375 0.700475490234375 0.5803394695184598 0.7760666780307528 0.626398896484375 0.7869754902343751
5 0.644144401166362 0.784284342769356 0.5948001484375001 0.7637242382812501 0.5794371066461382 0.8005955400431443 0.6287813593750001 0.82115564453125
5 0.6697393984199737 0.6278280102103171 0.614148505859375 0.5330335625 0.5697635507987764 0.5590625054146828 0.625354443359375 0.6538569531249999
5 0.6572935017417811 0.3824947581412804 0.6155628119389565 0.36931100372900255 0.5841548746503004 0.46872690965022223 0.625885564453125 0.48191066406250005
5 0.653125 0.4305555546875001 0.629296875 0.4305555546875001 0.629296875 0.4774305546875001 0.653125 0.4774305546875001
5 0.6855045549068366 0.5716486620776562 0.6335051542968752 0.5305627148437501 0.614062533986834 0.5551697805310387 0.6660619345967954 0.5962557277649448
5 0.695701004229824 0.6208045911527236 0.6435188496093751 0.5708524472656249 0.6195566637389263 0.5958843756441512 0.6717388183593751 0.6458365195312499
5 0.694900222887962 0.6816510951366344 0.6482198164062499 0.6080143984375002 0.6170733220339126 0.6277590513477409 0.6637537285156248 0.701395748046875
5 0.6524473041722569 0.6805846917154899 0.6118562498023165 0.6764333339641575 0.6064714456300595 0.7290847535767927 0.6470625 0.733236111328125
5 0.6206081761483863 0.6128235548298453 0.5588057832031252 0.6119756562500002 0.5579055914297391 0.67758964243578 0.6197079843750001 0.6784375410156251
5 0.46607980436539026 0.4756604645291009 0.439105626953125 0.4479697851562501 0.3852845921189848 0.5003981897677743 0.41225876953125007 0.528088869140625
5 0.4127049587169434 0.6575446562313327 0.411583974609375 0.587794544921875 0.35542660378305657 0.5886970742374174 0.35654758789062496 0.6584471855468751
5 0.44634701955126077 0.6703408152173164 0.40241613476562504 0.6693523691406251 0.40135665427686434 0.7164403351733089 0.44528753906250007 0.7174287812500001
5 0.3607894426568943 0.5726834686777696 0.3297228197973518 0.5638229178218239 0.3071296232342076 0.6430385702378043 0.3381962460937501 0.65189912109375
5 0.3794213904506958 0.5767654956599789 0.35760897797533564 0.5701818709306749 0.3329995816652649 0.6517160295675709 0.35481199414062503 0.658299654296875
5 0.3831320647404932 0.4434332424976474 0.35769718164062503 0.4375696679687501 0.34206504463450693 0.5053784039867277 0.3674999277343751 0.5112419785156251
5 0.4467676371065018 0.4624534290740045 0.446359681640625 0.42401492773437505 0.42483350937787323 0.4242433892853706 0.42524146484375 0.46268189062500004
5 0.5027360870232214 0.36395647593647784 0.453531509765625 0.3223018085937501 0.43393789539865363 0.3454467662510224 0.48314247265625 0.3871014335937501
5 0.5674095157908542 0.3404277442363776 0.4988620839843749 0.31199325390625 0.48556565608414554 0.34404714248237245 0.5541130878906249 0.3724816328125
5 0.624641164036263 0.37762964017864054 0.563904755859375 0.34039659375000003 0.5409643261981121 0.3778181703682346 0.601700734375 0.4150512167968751
5 0.5929728749383953 0.4073549032820381 0.5415321628095373 0.36890128031336933 0.4679989031055169 0.4672692090625813 0.519439615234375 0.5057228320312501
5 0.5095305089116364 0.7518249301048183 0.5088836777343749 0.7081278828125 0.47959322152820827 0.7085614585674846 0.48024005270546977 0.7522585058598029
5 0.5974322149042276 0.6686172413547168 0.5555378613281252 0.6502884609375001 0.5109211503301477 0.7522695105984086 0.5528155039062501 0.7705982910156253
5 0.39755958250701995 0.6466760996551546 0.36818827148437505 0.6385840039062501 0.34651871632110515 0.7172364647979705 0.37589002734375004 0.725328560546875
5 0.4279539017274122 0.5937121078250496 0.3881104140625 0.4984541113281251 0.3371415553038378 0.5197728160030757 0.37698504296875 0.6150308125000001
5 0.41921795396539785 0.4448992863274815 0.37615755664062495 0.43841748437500005 0.3634959132221021 0.5225322722662686 0.406556310546875 0.5290140742187501
5 0.536280701761487 0.62637419126691 0.48669007421875016 0.5980366894531252 0.4685490482385133 0.6297834845143404 0.5181396757812501 0.6581209863281251
5 0.5631886634505884 0.6614755725767318 0.55939594921875 0.605287197265625 0.5167465201431615 0.6081660328920181 0.5205392343749998 0.664354408203125
5 0.6108381447268098 0.6009695434503181 0.5959839101562499 0.5639665839843749 0.5477761033200652 0.5833188217840569 0.562630337890625 0.62032178125
5 0.6709293416247897 0.5218142670811245 0.6463139477716586 0.5072580499255182 0.6203540592718688 0.5511577027662687 0.6449694531249999 0.565713919921875
5 0.6610174932843483 0.7742238082600945 0.657285025390625 0.7294341914062501 0.6362649110125267 0.7311858675211554 0.63999737890625 0.775975484375
5 0.44618134688274896 0.4066563100569575 0.40686237500000005 0.402799005859375 0.40358294413287615 0.4362274946305426 0.44290191601562506 0.4400847988281251
5 0.5773120076840229 0.5222885391742714 0.5607072276244383 0.49665270370223724 0.5178216535341653 0.524430441871716 0.53442643359375 0.5500662773437501
5 0.5121036644424476 0.5931171209113343 0.483900744140625 0.5169065625 0.45236323985442733 0.5285775138542909 0.4805661601562499 0.6047880722656251
5 0.5354660581211025 0.5366677305032469 0.4818937167968751 0.46706948046875 0.4466495239101476 0.49419823629362797 0.5002218652343751 0.5637964863281248
5 0.5531145344723981 0.4957563181298789 0.516912953125 0.48043337109375006 0.4871001237307269 0.5508683576513713 0.523301705078125 0.5661913046875002
5 0.6142273793163698 0.49140460551833126 0.550569037109375 0.42350236914062495 0.5118197553883467 0.4598298182448247 0.5754780975953416 0.527732054622531
5 0.6502404116910878 0.5417751512917536 0.6316647402343749 0.4603173867187501 0.5779878129182869 0.4725579014426216 0.5965634843749998 0.554015666015625
5 0.6154178101524693 0.5299509898514063 0.5700156132812499 0.49706709570312513 0.5512338070350307 0.5229987953048439 0.59663600390625 0.5558826894531251
5 0.676016834959269 0.7312321479987746 0.6741059941406249 0.680761693359375 0.6419966064469809 0.6819773734856004 0.643907447265625 0.732447828125
5 0.5051041304647492 0.6507930104614745 0.45583124609375003 0.6402345351562502 0.4337871410196259 0.7431070246947759 0.4830600253906251 0.7536655000000002
5 0.5615237950103431 0.7314533771606235 0.522190123046875 0.6350681640625 0.47194349405215685 0.6555732224487516 0.511277166015625 0.7519584355468751
5 0.5242507182693633 0.5058326125264294 0.50782142578125 0.40682449609375 0.4607902817306367 0.41462878981732065 0.47721957421875 0.5136369062500001
5 0.59444173828125 0.4134253769531251 0.57388467578125 0.4134253769531251 0.57388467578125 0.4370279316406251 0.59444173828125 0.4370279316406251
5 0.5888177200514226 0.4497905364952468 0.57221805078125 0.39667158789062507 0.5503902272142024 0.4034927818641283 0.5669898964843749 0.45661173046875003
5 0.424203560546875 0.35365762109375 0.349631015625 0.35365762109375 0.349631015625 0.4374086171875 0.424203560546875 0.4374086171875
5 0.4346057916504393 0.46518837611141456 0.4138604687499999 0.4329178671875 0.3970851874363158 0.4437019743863854 0.4178305103367552 0.47597248331029995
5 0.4900480474802228 0.4234575249989563 0.447666138671875 0.31397092578124997 0.40500532361352715 0.33048478945416865 0.447387232421875 0.43997138867187496
5 0.35527395359766556 0.6388924581392456 0.3254501425781251 0.629162439453125 0.3056192163242096 0.6899468856107547 0.33544302734375003 0.6996769042968751
5 0.37092695881271387 0.6450443865309552 0.3497271503906251 0.63880675 0.33068781853103635 0.7035155841721696 0.35188762695312514 0.7097532207031249
5 0.36310482477984096 0.493787239322908 0.3428978769531249 0.48823032812499995 0.32382073381390897 0.557601750911467 0.344027681640625 0.563158662109375
5 0.38884433858763723 0.5097502754651566 0.37229323324460306 0.49563011427000514 0.3341993106725908 0.5402823329454737 0.35075041601562496 0.5544024941406251
5 0.38542508120530966 0.5920183272768558 0.3550358984375 0.537993119140625 0.3307452918415653 0.5516565867856442 0.361134474609375 0.605681794921875
5 0.6647661414934446 0.6650137542990056 0.633621626953125 0.62932733203125 0.5600108448346803 0.6935694703103694 0.591155359375 0.729255892578125
5 0.48836787804253257 0.5270840573534078 0.457356875 0.48375618359374994 0.3784749012543424 0.5402142766309671 0.409485904296875 0.583542150390625
5 0.5710265848876092 0.41636164844969925 0.5676543730410484 0.3547134178622311 0.5029032393253142 0.3582553612094068 0.506275451171875 0.419903591796875
5 0.507434656364285 0.3596660205538221 0.4804012421874999 0.34907935937500006 0.44487865027634005 0.43978755561805305 0.4719120644531251 0.45037421679687506
5 0.6581469602739765 0.5085948019495459 0.6294454296874998 0.4664437597656251 0.6170105905072734 0.47491090312857925 0.64571212109375 0.5170619453125
5 0.4955674455778585 0.4893776282882284 0.494322103515625 0.459710765625 0.4680355720037021 0.46081420968423986 0.4692809140659356 0.49048107234746824
5 0.4033562254476148 0.7089504672134209 0.40226857421875 0.675434712890625 0.37900184877113524 0.676189763255329 0.3800895 0.709705517578125
5 0.6122803723995026 0.5338989668436183 0.569138315985614 0.5043939899467009 0.5096670881173615 0.5913525758374578 0.5528091445312501 0.6208575527343752