5 0.5652533166734584 0.5583943140394031 0.5005092773522662 0.5541097830744377 0.493687062241308 0.6572010588787848 0.5584311015625001 0.6614855898437502
5 0.6352434079292462 0.6167079853881676 0.5658162597656251 0.5837943749999999 0.5419463616020039 0.6341449423462073 0.611373509765625 0.6670585527343751
5 0.6403631450865787 0.6527131779316722 0.573111654241987 0.6508217304672064 0.5708027884522834 0.7329147673792842 0.6380542792968751 0.73480621484375
5 0.5123379463837329 0.6921215930040054 0.5117780234375 0.6221104687499999 0.44616277431939205 0.6226352351209944 0.4467226972656249 0.692646359375
5 0.49589647538312726 0.7449900033553298 0.4703332304687501 0.7443824257812501 0.46896800508562303 0.8018229771134203 0.4945312500000002 0.8024305546875
5 0.5616833704414517 0.8140890937688984 0.518800958984375 0.720065435546875 0.46859239127729824 0.7429646132623516 0.5114748027343748 0.836988271484375
5 0.5593616618733765 0.8694020963226865 0.54341676953125 0.7943673164062501 0.4982680178141233 0.8039614271148137 0.5142129101562499 0.87899620703125
5 0.5138086740791104 0.7987248158012007 0.46206500585937504 0.7939533710937501 0.4558294059990148 0.8615749888862994 0.5075730742187501 0.86634643359375
5 0.5852655642023847 0.829122550511397 0.583802328125 0.7692924531249999 0.5396201955632401 0.7703729944104778 0.5410834316406249 0.8302030917968749
5 0.579296875 0.714583333984375 0.528125 0.714583333984375 0.528125 0.77777777734375 0.579296875 0.77777777734375
5 0.56884614713979 0.7154417196962883 0.556727572265625 0.6561364472656251 0.48778811067270994 0.6702236943662119 0.4999066855468749 0.7295289667968751
5 0.6005247639434254 0.47116036436727804 0.5644305468750002 0.4495884296875002 0.5228589801971998 0.5191460828983472 0.558953197265625 0.5407180175781251
5 0.6202751098849697 0.36525380545450675 0.556898822265625 0.3432575136718751 0.5174830873806553 0.45682315352986846 0.580859375 0.4788194453125001
5 0.6630437857152882 0.6133310941136005 0.6347390625 0.6046 0.6200602767847117 0.6521861285426496 0.6483649999999999 0.6609172226562501
5 0.546484375 0.3722222226562501 0.515625 0.3722222226562501 0.515625 0.4298611113281251 0.546484375 0.4298611113281251
5 0.7155030585782323 0.6914953295274844 0.666256595703125 0.597400322265625 0.6301031933748925 0.6163219126600157 0.6793496562499999 0.7104169199218751
5 0.6767958656796412 0.6646629521979636 0.63920669140625 0.660931673828125 0.6332319253359837 0.7211219091301615 0.670821099609375 0.7248531875
5 0.7052448270370991 0.698130848450759 0.6715132460937501 0.6846765468750002 0.643463428822276 0.7550008722523665 0.6771950097656252 0.7684551738281252
5 0.48546152587597613 0.7581436788012555 0.44461479492187495 0.72681237890625 0.37998848388964884 0.8110659383862444 0.42083521484375 0.8423972382812501
5 0.42088812616578053 0.7368658212965637 0.37339269531249997 0.6813783710937499 0.27630789922484444 0.7644797607346862 0.323803330078125 0.8199672109375
5 0.3846370072367491 0.8337358846938777 0.36848553320312494 0.7720319082031248 0.34094058846637587 0.7792420020248721 0.3570920625 0.840945978515625
5 0.426857522551469 0.7413709440451666 0.3889984980468749 0.7291677890625 0.359017385651656 0.8221810852517084 0.3968764101562501 0.834384240234375
5 0.36590110201812065 0.6860525068111223 0.3401523886718749 0.6614532890625001 0.28931882571625434 0.7146622510013779 0.31506753906250007 0.7392614687500001
5 0.37154915891047036 0.6010863483658438 0.3373617675781251 0.596855658203125 0.3294514719489048 0.6607772317122812 0.36363886328125006 0.665007921875
5 0.4631490492959117 0.6608543992447871 0.45986000000000005 0.601850865234375 0.40963950148533845 0.604650319505213 0.4129285507812501 0.663653853515625
5 0.4614049258230255 0.5931621035780081 0.4424965831594266 0.5587998285789398 0.38144833311765114 0.5923925179696817 0.40035667578125006 0.62675479296875
5 0.4375818827226333 0.48213524160994864 0.41823113671875 0.4643758398437501 0.37093149618361676 0.5159137994056766 0.3902822421875001 0.5336732011718752
5 0.4536416790847153 0.4895709893171429 0.40845792374977774 0.4877555703093521 0.40640154739943746 0.5389364852890843 0.451585302734375 0.540751904296875
5 0.5088447716841009 0.49775158858613355 0.4806232617187499 0.41682969335937503 0.44321247050339896 0.42987670633574154 0.47143398046874996 0.5107986015625
5 0.5105914349933688 0.44869704260938226 0.4176873574218751 0.3691742109375001 0.3688577857097564 0.42622029723436794 0.46176186328125 0.5057431289062502
5 0.5199467825823421 0.5449072733957131 0.47161868750000013 0.49634570898437513 0.4466340728864081 0.5212102051199122 0.49496216796875003 0.5697717695312502
5 0.4711039157966042 0.5349861140105194 0.46949741210937507 0.501122041015625 0.4399282287346458 0.5025247961457305 0.44153473242187496 0.536388869140625
5 0.4182721768860556 0.385282992944324 0.39388448302654927 0.3689519483157697 0.34760346824986865 0.4380649319339458 0.371991162109375 0.4543959765625001
5 0.4481657487614286 0.33905499324786914 0.410567822265625 0.3286879179687501 0.38941126100419643 0.40541571378338104 0.42700918750000005 0.4157827890625001
5 0.49010280446333643 0.41230525832340637 0.48888717773437496 0.34185303320312493 0.4299035881147884 0.3428707729265935 0.4311192148437499 0.41332299804687495
5 0.3998064898415367 0.5475502211900777 0.35456608984375004 0.5433089335937499 0.3483670746115884 0.6094317612317972 0.39360747460937506 0.613673048828125
5 0.4219204251985845 0.5251857092851544 0.3864453119909502 0.5152083338412048 0.3690561367923657 0.5770365132279256 0.40453125 0.587013888671875
5 0.6431110885184499 0.8041140458604307 0.6320498242187501 0.7121940820312501 0.5705224075753002 0.7195980342176945 0.5815836718749999 0.8115179980468751
5 0.6609375 0.79027777734375 0.621875 0.79027777734375 0.621875 0.846875 0.6609375 0.846875
5 0.6828607740604902 0.4619207059010619 0.65242973829472 0.45938478694773727 0.6478187552498549 0.5147165986248005 0.6782497910156251 0.5172525175781251
5 0.6904165105421192 0.6166288722878759 0.688766984375 0.5597385644531251 0.6500752863328808 0.5608604245871243 0.6517248125 0.6177507324218751
5 0.6606175726731309 0.5010086620447936 0.646875 0.4399305546874999 0.6115537632643692 0.4478778320958315 0.6252963359375 0.508955939453125
5 0.606312692693051 0.4966006486739037 0.6039661972656251 0.45488517578124993 0.586132000666324 0.4558883493729712 0.5884784960937499 0.49760382226562494
5 0.5269716297904155 0.3329071756354294 0.4493230703125 0.306267515625 0.4375992608345846 0.3404397579583207 0.5152478203125 0.36707941796875004
5 0.40521726483080855 0.48738771269562164 0.39351075390625 0.45802256445312506 0.3428497605598165 0.47821873261687853 0.35455627148437496 0.5075838808593751
5 0.39323415449468985 0.6541617563653747 0.39112244140625 0.60723480859375 0.35949897831781014 0.6086578647283754 0.36161069140624996 0.6555848125
5 0.42731331080983304 0.6233371648861739 0.3891888789062501 0.60639297265625 0.3770754762995421 0.6336481280825764 0.415199908203125 0.6505923203125001
5 0.42669971403866236 0.7096760736604838 0.40057674609375 0.708545751953125 0.3989321785394627 0.7465535025113911 0.4250551464843751 0.7476838242187499
5 0.5055630830224573 0.6768156489955781 0.45407519360901316 0.6571054427072591 0.4147742394928059 0.7597691667585561 0.4662621289062501 0.7794793730468752
5 0.4498635147499295 0.6560381420660713 0.40646284765625 0.649234552734375 0.3951966864219456 0.7211023403558038 0.4385973535156251 0.7279059296875
5 0.4272961544175682 0.6376407457662963 0.37474272851562507 0.622082166015625 0.34319046472305703 0.7286587034524538 0.39574389062500015 0.7442172832031249
5 0.37147268416732493 0.6413469864566603 0.34409099628943507 0.6322100892573161 0.3255642359502353 0.6877315598319058 0.3529459238281251 0.6968684570312499
5 0.5102441681697996 0.5868470577356526 0.438015015625 0.505997962890625 0.39065250175207544 0.5483107957799725 0.462881654296875 0.6291598906250001
5 0.502040128214448 0.5732390068234879 0.46355344130663484 0.5712709374949061 0.46079606699843684 0.6251929209057933 0.49928275390625 0.6271609902343751
5 0.370535723080572 0.5893904404184674 0.35028447656250006 0.5720186679687502 0.3094414859038032 0.6196316259877829 0.32969273242187513 0.6370033984375001
5 0.40230805425055904 0.5446501232489808 0.392417212890625 0.49369927539062497 0.332449629343191 0.5053404919853943 0.342340470703125 0.5562913398437501
5 0.3917570083078229 0.4521373775248685 0.37071412109375 0.438238310546875 0.32882684130155215 0.5016547474751316 0.34986972851562503 0.5155538144531251
5 0.37864488517451844 0.564404616098112 0.33746474804687504 0.5263160800781251 0.31626018423747826 0.5492417930786093 0.3574403213651217 0.5873303290985962
5 0.5408236997683722 0.3423593689392212 0.502981275390625 0.332174505859375 0.4765742162472529 0.4302914005920288 0.514416640625 0.440476263671875
5 0.5700264081294585 0.5456333171168877 0.514251580078125 0.44351820898437505 0.4579664297611664 0.47426091335186227 0.5137412578125 0.576376021484375
5 0.6603758471129678 0.4121441534050718 0.615879759765625 0.38904971679687517 0.5627578032776573 0.49139987393867846 0.6072538906250001 0.5144943105468751
5 0.5933817345452419 0.3702256724517012 0.576875962890625 0.3238031914062501 0.5137124353766331 0.34626133536079895 0.53021820703125 0.39268381640625005
5 0.6090575620484315 0.3873197800382105 0.5877635585937498 0.32580376953124995 0.5677976820921934 0.33271503441491446 0.5890916855468751 0.394231044921875
5 0.6459068418942493 0.4320007381361341 0.6406895624804662 0.38009288847752903 0.5737211033987168 0.3868239159663949 0.5789383828125 0.438731765625
5 0.6616410972451635 0.6260724353892794 0.6410365312500002 0.53473444921875 0.5920955453329616 0.5457748478138457 0.612700111328125 0.637112833984375
5 0.6493917296857504 0.4808230159054982 0.6197713768097154 0.47844280842527853 0.6138839557177149 0.5517084761135305 0.64350430859375 0.5540886835937501
5 0.6833398383687129 0.5198160363857472 0.63018450390625 0.5090162187500001 0.6215356164057468 0.5515849475307303 0.6746909508682097 0.5623847651664774
5 0.6543379988214161 0.6859955376867245 0.6218884707031251 0.6249140722656251 0.6006681847723341 0.6361873490320257 0.633117712890625 0.697268814453125
5 0.6738104809283009 0.7982859231025776 0.6715227578125 0.7275190781250002 0.6371195796185742 0.7286312507255477 0.6394073027343751 0.7993980957031251
5 0.6618515513918881 0.7439826841925322 0.623546328125 0.7045574296875002 0.6021160003663297 0.7253789437090187 0.6404212236332179 0.7648041982140507
5 0.4052501502114397 0.4719261721446325 0.39576353906250006 0.42133091796874994 0.3766521779135603 0.42491429855849244 0.38613878906249993 0.475509552734375