7 0.540356662462908 0.6799909331822608 0.48457031250000004 0.648611111328125 0.42507302503709204 0.7543840668177392 0.48085937500000003 0.785763888671875
7 0.5328818070232986 0.7446236240688158 0.4558125000000001 0.7384305546875001 0.4483056929767017 0.8318485966343094 0.5253750000000001 0.8380416660156251
7 0.5687468150026155 0.7744822598381444 0.515574142578125 0.7102024062499999 0.4834456439817595 0.7367792889899805 0.53661831640625 0.801059142578125
7 0.5967487259277371 0.7701258161703313 0.567976037109375 0.6762209238281249 0.5230163248535129 0.6899966896890437 0.5517890136718749 0.78390158203125
7 0.4447249138283794 0.6588873486021043 0.392642068359375 0.6486335371093751 0.3753770471091206 0.7363288721010208 0.42745989257812506 0.74658268359375
7 0.46767749669016445 0.7893747089792436 0.4499230156249999 0.7025750195312499 0.398249737379811 0.7131445532014006 0.4160042184449755 0.7999442426493942
7 0.4712187358294445 0.840105093123151 0.4559468203125 0.770290625 0.4209048813580554 0.777956049454974 0.43617679687499994 0.8477705175781249
7 0.45635341887763053 0.8722478012091501 0.421527916015625 0.7832492929687502 0.3750963721379944 0.801418157775225 0.40992187499999994 0.890416666015625
7 0.419222018512526 0.8124856361701382 0.40863683203125 0.7304924394531249 0.365528448284349 0.7360576607048617 0.376113634765625 0.818050857421875
7 0.6310036074189304 0.5284540598238764 0.55555889453125 0.5016292734375 0.5360937480498196 0.5563749987698736 0.6115384609375 0.58319978515625
7 0.6306547266509436 0.570883124528302 0.5696484375 0.5594444453125001 0.5518843358490566 0.6541863207841982 0.6128906250000001 0.6656250000000001
7 0.582657452561607 0.6351249893021846 0.5516099158478611 0.6324381835792321 0.5476938832081293 0.6776901220114226 0.5787414199218751 0.6803769277343751
7 0.6763550867437149 0.6932918810177087 0.629193294921875 0.6044431328125 0.595691491381285 0.6222262205447913 0.642853283203125 0.71107496875
7 0.6881723423636754 0.6878033466087887 0.6607594296875001 0.6031599609375 0.6372220541206997 0.6107828604224612 0.664634966796875 0.6954262460937499
7 0.6325511237616649 0.730655212804329 0.6267403203125002 0.63333275390625 0.5709967375664604 0.636661019617546 0.5768075410156251 0.733983478515625
7 0.6409023788297166 0.812762614723365 0.6093860546875001 0.7119103769531249 0.5621341778109085 0.7266765884016348 0.5936505019531251 0.827528826171875
7 0.6547613764096006 0.8331487894719805 0.642084029296875 0.743725787109375 0.5984955239810243 0.7499052554498945 0.61117287109375 0.8393282578125
7 0.6136435306526508 0.8054434835123472 0.5859213027343749 0.80210196484375 0.5787897759879742 0.8612672215657778 0.60651200390625 0.8646087402343751
7 0.585241506227808 0.8433724500845562 0.584944046875 0.763521169921875 0.5314446851711665 0.7637204639779708 0.5317421445239745 0.843571744140652
7 0.5889696669084301 0.9000755629179986 0.5776776445312501 0.8247954121093751 0.5279374248884452 0.8322564448945016 0.5392294472656252 0.907536595703125
7 0.4078356847685093 0.6100678893430704 0.3507248984375001 0.6025091074218751 0.33985002226274086 0.6846748235475547 0.39696080859375005 0.69223360546875
7 0.46572154306220825 0.556368378461962 0.4107578125 0.5331805546875001 0.3596378319377918 0.6543538422411632 0.4146015625000001 0.677541666015625
7 0.4712494337845416 0.4596774999492201 0.4268410371093751 0.45696885546875005 0.4224894138717086 0.5283139922382801 0.46689781054687507 0.5310226367187502
7 0.5677773351849605 0.7068808865389542 0.517340291015625 0.6306649140625 0.48253618434628953 0.653697045101671 0.5329732285156251 0.7299130175781252
7 0.38821738748091905 0.7274062016427246 0.3654029044522974 0.7206979662682892 0.3438357298620034 0.7940472021255645 0.36665021289062505 0.8007554374999999
7 0.377523181679212 0.6906050564489121 0.341473953125 0.66461533984375 0.2867692304301632 0.7404939298792129 0.3228184589843752 0.7664836464843751
7 0.47128899016823583 0.3483319433767213 0.468639796875 0.315382603515625 0.4038234453786392 0.3205939687326537 0.406472638671875 0.35354330859375
7 0.6246050378128639 0.32800386177853225 0.5746500253906249 0.29067141015625003 0.5027976692183859 0.38681793119021785 0.5527526816406249 0.42415038281250006
7 0.6442675916952848 0.5402081283506571 0.6107662246189836 0.5378525643164715 0.606255244251824 0.6020087523720644 0.6397566113281252 0.60436431640625
7 0.3683150514171412 0.6697669666374589 0.34140625 0.6690972226562499 0.34063204428598387 0.700203060706291 0.36754084570312506 0.7008728046875
7 0.3994400869113422 0.5635750417394213 0.3537080527343751 0.5211256406250001 0.3308364266906296 0.5457659407577631 0.37656846086759665 0.5882153418721843
7 0.4022735188338636 0.5195285551670273 0.366846080078125 0.51908812109375 0.36648679561926145 0.5479880835048477 0.401914234375 0.548428517578125
7 0.3796732573211752 0.5125684214332333 0.36219374023437506 0.48897107226562503 0.32060064111632486 0.5197807738792668 0.338080158203125 0.543378123046875
7 0.3914095688567216 0.46616514314246177 0.3777925761718749 0.4526136171875 0.34187973973702823 0.48869994670128825 0.35549673242187496 0.50225147265625
7 0.6562668731840067 0.6068688982808049 0.623889404296875 0.5884062753906251 0.6113725311128684 0.6103568224223201 0.64375 0.6288194453125
7 0.6599926922566397 0.6124036855929873 0.6449708808593752 0.573490044921875 0.6290725636027354 0.5796272636257628 0.644094375 0.618540904296875
7 0.6486042882041032 0.6886740325838611 0.6301993007812501 0.6883289394531251 0.6293943328896469 0.7312606080411391 0.6477993203125 0.7316057011718751
7 0.6744060991902825 0.7813982787709642 0.6470703124999999 0.7402777773437501 0.625791905768639 0.7544230812026327 0.6531276924589215 0.7955435826298468
7 0.6553282695596069 0.7247230852328115 0.6301686341379024 0.7155657185215274 0.6142248919220454 0.7593707504762159 0.63938452734375 0.7685281171875
7 0.5712413166061171 0.39755742446949643 0.5250545605468749 0.380886892578125 0.4790952556595077 0.5082200345148786 0.5252820117187499 0.52489056640625
7 0.6284888774309769 0.5005972290360599 0.5707521054687501 0.4009729960937499 0.522406688975273 0.42899136276081523 0.5801434609374999 0.5286155957031251
7 0.527100935625201 0.6320627905624042 0.48538196413806256 0.5765955224992566 0.3971569406222366 0.6429528061556025 0.43887591210937493 0.6984200742187501
7 0.585574487402398 0.6408258056240193 0.547111271484375 0.53715433984375 0.49285528886149776 0.5572838861828683 0.5313185047795208 0.6609553519631375
7 0.46802803536061943 0.5191542471754973 0.3777929355468751 0.44511519531250004 0.3362830622956307 0.4957053563401278 0.42651816210937504 0.569744408203125
7 0.5451408763204129 0.4636770981751146 0.4684907324218749 0.3224964414062501 0.40430928578896186 0.35734198776238557 0.4809594296874999 0.49852264453125017
7 0.5385510651141774 0.4823249841063955 0.5036143808593752 0.4421363769531251 0.4831180393875092 0.45995421790616536 0.5180547236423115 0.5001428250594359
7 0.6833582129691417 0.49023001698770613 0.603524796875 0.44292132421875013 0.5756640038277334 0.48993641074666916 0.655497419921875 0.5372451035156252
7 0.6558158584058937 0.5199296901580565 0.584188740234375 0.48288616992187505 0.5626784435315364 0.5244783445860364 0.6343055617030553 0.5615218648222177
7 0.587370949811206 0.48581672619634253 0.5549212141041454 0.46896782578784957 0.5139959010116895 0.547786951154007 0.54644563671875 0.5646358515625001
7 0.5583618298388549 0.41815133511508074 0.5000334707031249 0.29717399023437496 0.4420633381298952 0.3251238738692942 0.500391697265625 0.4461012187499999
7 0.4370819833829824 0.46186639499265625 0.41796483984375 0.34350124804687504 0.37001658107014257 0.3512453667260939 0.38913372460937495 0.4696105136718751
7 0.41588098522551514 0.41964024142582235 0.3386395781250001 0.4129417988281251 0.3339599756974062 0.46690345796104027 0.41120138279792123 0.4736019005587375
7 0.37890019979671186 0.7179888710880975 0.35734764677441844 0.7089882317273496 0.3267675055714566 0.7822141536080021 0.34832005859375004 0.7912147929687501
7 0.39572777896361916 0.5663844925676494 0.3749768080526938 0.5601105662426651 0.3588979822140747 0.6132911791437656 0.3796489531250001 0.6195651054687501
7 0.3682956277887438 0.5989187447944126 0.36770869140625007 0.565528599609375 0.33877318471125634 0.5660372317680873 0.3393601210937501 0.599427376953125
7 0.35637821029998157 0.5623650033035053 0.34210824609375007 0.5543381484375001 0.3274998131375185 0.5803086959152449 0.34176977734375 0.5883355507812502
7 0.4041381678554298 0.7992944041157399 0.3834494453125 0.7942923613281251 0.3720117149570703 0.8415994396342603 0.39270043750000005 0.846601482421875
7 0.34893250148726307 0.6511528302437601 0.32687407031249993 0.6436564101562499 0.31169039499711193 0.6883348103812397 0.33374882617187507 0.69583123046875
7 0.654030849609375 0.3715551601562501 0.5637060234375 0.3715551601562501 0.5637060234375 0.4407089589843751 0.654030849609375 0.4407089589843751
7 0.47787143726929615 0.34341240243898663 0.4513385546875 0.31981839648437504 0.39489084007445385 0.3832972557641384 0.42142372265625 0.40689126171875
7 0.5568150113103247 0.39547440330812156 0.5347620811060809 0.36474439910143364 0.48090250338950624 0.40339592352768705 0.50295543359375 0.434125927734375