7 0.4809729367125128 0.6144398899535117 0.475302462890625 0.534913255859375 0.4231468523499872 0.5386320983277383 0.428817326171875 0.618158732421875
7 0.5397900913864866 0.6702271363587828 0.5031617109375 0.5882561757812501 0.46908829142601344 0.6034817405943423 0.505716671875 0.6854527011718751
7 0.52568170352919 0.714050061884447 0.47300808007812495 0.6156059140625002 0.41924871053330987 0.6443704556936783 0.47192233398437494 0.7428146035156251
7 0.5467818763823662 0.7262307023680624 0.5459055722656251 0.65612626171875 0.5007563755710641 0.6566906257813478 0.5016326796878052 0.7267950664306603
7 0.5332549546824771 0.7071744287173527 0.5004438266723419 0.6879157237567279 0.46464433097423985 0.7489074591018753 0.49745545898437504 0.7681661640625002
7 0.5436882019028109 0.7770160695163586 0.4997085606691646 0.7656497104643281 0.4775542103288538 0.8513711253229697 0.5215338515625001 0.8627374843750001
7 0.5306089749873885 0.8310496800987215 0.4764423079516267 0.8107371794467038 0.43608273140173825 0.9183627141917323 0.49024939843750004 0.93867521484375
7 0.5462315515295648 0.9193738170720587 0.5410303515625001 0.82505870703125 0.49953583324198214 0.8273470072540738 0.5047370332090468 0.9216621172948826
7 0.47031250000000013 0.77777777734375 0.4171875000000001 0.77777777734375 0.4171875000000001 0.8711805546875 0.47031250000000013 0.8711805546875
7 0.4320163590034135 0.8271272216422141 0.4248058183593749 0.733348046875 0.36854836169971134 0.7376735986702858 0.37575890234375 0.8314527734374999
7 0.42997015296651364 0.8807381374733141 0.41526915625000005 0.811044521484375 0.3784550384397364 0.8188099992454361 0.39315603515625 0.8885036152343752
7 0.4432009896842557 0.634750541197856 0.3747783750000001 0.6246221933593751 0.35608859820636946 0.7508820154427691 0.4245112128906251 0.76101036328125
7 0.42788063737472415 0.6409503519796964 0.424248458984375 0.5673382031250002 0.35926822981277584 0.5705444644265537 0.36290040820312497 0.64415661328125
7 0.462635853746885 0.6173602429489053 0.43233573242187495 0.5950721738281252 0.38994841187811513 0.6526967687698448 0.42024853320312516 0.6749848378906251
7 0.43530006460316994 0.5844095917041825 0.431272412109375 0.505646630859375 0.3656060564905801 0.5090045704051925 0.36963370898437503 0.58776753125
7 0.4898843052655252 0.5414832498320155 0.43369891796875 0.47489316210937516 0.3985021117405893 0.5045904677770835 0.4546874990373645 0.5711805554997238
7 0.589896516012471 0.5824610798038 0.5499172792968751 0.5807312089843751 0.5469440171906542 0.6494465998837002 0.5869232539062501 0.6511764707031251
7 0.6123468896022181 0.4982744184811737 0.5681987031250001 0.4971947070312501 0.566489342819657 0.5670885268313265 0.610637529296875 0.5681682382812501
7 0.6152335699776437 0.5919427860849762 0.560890421875 0.5393575742187501 0.5382760667411064 0.5627279326650241 0.59261921484375 0.6153131445312502
7 0.61015625 0.645138888671875 0.54609375 0.645138888671875 0.54609375 0.73715277734375 0.61015625 0.73715277734375
7 0.5995158592692507 0.75789448045568 0.561652294921875 0.7455639121093749 0.5354977559651243 0.8258768418099449 0.5733613203125 0.83820741015625
7 0.63125 0.68472222265625 0.602734375 0.68472222265625 0.602734375 0.764236111328125 0.63125 0.764236111328125
7 0.39262409091351974 0.5522907837469111 0.36084766015624997 0.538140341796875 0.32390013760210534 0.621110216253089 0.3556765683593751 0.6352606582031252
7 0.5502741198488519 0.3412774337414377 0.532035912109375 0.29070240234375 0.4495913410886481 0.32043330258668734 0.46782954882812505 0.37100833398437505
7 0.6472838878136544 0.45255956350913934 0.630103560546875 0.35960319921875 0.5721015887488456 0.3703232060221107 0.589281916015625 0.46327957031250006
7 0.4887642515295866 0.3935781280314089 0.47453943554687505 0.350370248046875 0.41448767620478844 0.3701403739217161 0.42871249218749996 0.41334825390625
7 0.5060353395282229 0.4068891630882895 0.4617911699218751 0.39053488281250004 0.4526012092999022 0.4153970087867107 0.49684537890625 0.43175128906250015
7 0.38822279042014896 0.6420101825095132 0.34816996875000006 0.6243330234375 0.31642013145485126 0.6962716514748617 0.35647295312500016 0.713948810546875
7 0.35299497492889986 0.8213788641261007 0.331829458984375 0.720669748046875 0.28586022819610013 0.7303308643895243 0.307025744140625 0.83103998046875
7 0.36121532889638575 0.7373693613488247 0.32934593359375 0.64063840234375 0.27509516719736415 0.6585120917761753 0.3069645624999999 0.75524305078125
7 0.40800791999476027 0.7572531915254229 0.35440374414062503 0.7043107968750001 0.3227703827396149 0.7363395760527023 0.37637455859375013 0.7892819707031251
7 0.36306169326372606 0.7866661154564659 0.347845076171875 0.7159153554687498 0.3246421680643989 0.7209056872779088 0.33985878515625 0.7916564472656249
7 0.3425703644018676 0.7350724428780264 0.33184933332763566 0.7073317775975623 0.28252411736326816 0.726394664797661 0.29324514843750005 0.7541353300781252
7 0.3335579967608737 0.6372036271778614 0.3149009140625 0.624085365234375 0.27849421222350135 0.6758637829783889 0.2971512949218751 0.6889820449218751
7 0.35247452166087084 0.6362993750191044 0.343284404296875 0.58357107421875 0.28130948419850416 0.5943728027152705 0.2904996015625 0.6471011035156249
7 0.36250342398805707 0.5810379923053597 0.3448661855468749 0.5363001386718751 0.2729877615588178 0.5646371463665155 0.29062499999999997 0.6093750000000001
7 0.4179646457649229 0.499928415289297 0.40066281357890926 0.47198735210383713 0.3554707869546114 0.49997142900204017 0.37277261914062504 0.5279124921875
7 0.5024651244622037 0.7384632848198471 0.45756327343750003 0.7347489765625002 0.45156267827217134 0.8072894905707781 0.496464529296875 0.8110037988281251
7 0.4565668532177616 0.7360220272598887 0.4244963476562501 0.7311899765625001 0.4157729221728636 0.7890876856307364 0.4478434277343751 0.7939197363281251
7 0.46500696915642614 0.7429652246137248 0.44222975781249996 0.6703574082031252 0.41261688435919874 0.6796470234331503 0.43539409570312493 0.75225483984375
7 0.5833285160699578 0.7623544511102406 0.512803857421875 0.711063791015625 0.479020073773792 0.7575164942022596 0.549544732421875 0.8088071542968751
7 0.5746925612991226 0.7556002974563024 0.574423822265625 0.7274126054687501 0.5495584972760083 0.72764966934075 0.5498272363095058 0.7558373613283024
7 0.6034063064257357 0.7302342864269551 0.5733792070312499 0.7292959394531251 0.5718569142773893 0.7780093014636701 0.601884013671875 0.7789476484375001
7 0.6098260150705477 0.7700570740754991 0.5832845742187501 0.7654424824218751 0.5698678501638276 0.8426105645963762 0.5964092910156251 0.8472251562500002
7 0.6101250965979014 0.4597029906505644 0.5842515585937501 0.45923351171875004 0.5835514073083489 0.4978196753650607 0.6094249453125001 0.4982891542968751
7 0.6528078084211039 0.5256011054003273 0.612125048828125 0.4789917226562501 0.5941052189226461 0.49472023834967294 0.634787978515625 0.5413296210937502
7 0.6475603813631863 0.5207034191694555 0.6124408668097598 0.5100662590596419 0.5828116065403237 0.6078898535620616 0.6179311210937501 0.6185270136718751
7 0.3792951514090917 0.4000799808768171 0.3771208984375001 0.35498435546875007 0.35168894624715835 0.356210538654433 0.35386319921875 0.4013061640625
7 0.34417354885066903 0.4525848118204067 0.343205435546875 0.42762902734374997 0.3230310546649559 0.42841165497646827 0.32399916796874995 0.453367439453125
7 0.6309005419833148 0.35915989712984386 0.561951932664127 0.28681358105581645 0.4336913887276872 0.4090504358790977 0.502639998046875 0.4813967519531251
7 0.540935171321612 0.5537855440664419 0.4875813554687499 0.41007156249999993 0.4222846099283879 0.43431297937105795 0.4756384257812499 0.5780269609374998
7 0.47139574300687825 0.41881039562001177 0.4104915332031249 0.390261548828125 0.3597816808212467 0.4984425731299884 0.420685890625 0.5269914199218751
7 0.40631720691302176 0.39424171680263737 0.35556299414062503 0.3849195136718751 0.33754274621197844 0.4830297441348628 0.38829695898437516 0.4923519472656251
7 0.5728958405071172 0.6362246104833655 0.541461158203125 0.53998014453125 0.4953295268686507 0.5550473295461844 0.5267642091726429 0.6512917954983001
7 0.550288560546875 0.628241986328125 0.523219109375 0.628241986328125 0.523219109375 0.671750875 0.550288560546875 0.671750875
7 0.39021292791943907 0.85193429939122 0.37708633789062507 0.761020513671875 0.3322732221949428 0.7674908568986653 0.3453998122237568 0.8584046426180103
7 0.40516584032517966 0.9062305031976978 0.384030599609375 0.82880577734375 0.34158512660714313 0.8403924543297379 0.36272036732294777 0.9178171801836856
7 0.4511054910336203 0.3162559248663897 0.38875321484375003 0.3029240234375001 0.36464613787262984 0.4156709657586105 0.4269984140625001 0.42900286718750014
7 0.4072890900614998 0.4747854854508897 0.35135263085937507 0.342195357421875 0.3007220583760003 0.3635551297834853 0.35665851757812506 0.4961452578125
7 0.3771534941406251 0.4536840859375 0.3601271425781251 0.4536840859375 0.3601271425781251 0.4927523046875 0.3771534941406251 0.4927523046875
7 0.3879130485035759 0.5066327051527321 0.29817554101562505 0.440942501953125 0.25938470964970106 0.4939335470498505 0.3491222171376519 0.5596237502494575
7 0.3590643186944612 0.5335323363831301 0.3463305273437501 0.445244720703125 0.31542842153991396 0.44970175541374485 0.3281622128906251 0.53798937109375
7 0.40625667578125 0.38399483203125 0.37834137890625 0.38399483203125 0.37834137890625 0.40941169921875 0.40625667578125 0.40941169921875
7 0.6141556295767416 0.6057037411628827 0.5856395485787956 0.6020021347332601 0.576926001033304 0.6691287275547524 0.60544208203125 0.672830333984375
7 0.6251804502467808 0.6452330760343266 0.6079991484375001 0.6426897910156252 0.6016734540500945 0.6854233673250488 0.6188547558593752 0.6879666523437502
7 0.5839344602628355 0.44269692435116315 0.5815287324218751 0.4005394453125001 0.5478134069246646 0.40246341939883695 0.550219134765625 0.4446208984375