7 0.5096342952043489 0.6135935942117252 0.458591845703125 0.541533662109375 0.4192490172956511 0.5694014975851499 0.47029146679687495 0.6414614296875001
7 0.5624624924540004 0.6458033011711078 0.516770521484375 0.6450893632812501 0.5156873532491247 0.7144120484382672 0.5613793242187501 0.715125986328125
7 0.45046087779331556 0.6487584465269497 0.445464248046875 0.5806562363281251 0.4033843819723093 0.5837436179261756 0.40838101171874985 0.6518458281250001
7 0.4397691169423733 0.5549152783459436 0.39821136646959454 0.5329141168074325 0.3530380073397213 0.618241574789614 0.39459575781250006 0.6402427363281251
7 0.49186450738520304 0.6845708537361014 0.45762449609375 0.6124619746093751 0.4255544281616719 0.6276900505607739 0.4597944394531249 0.6997989296875001
7 0.3876154241730894 0.6567469603946556 0.37548371093750005 0.583120013671875 0.33341640168547043 0.5900515591882203 0.34554811492105986 0.6636785059110009
7 0.41650018640069836 0.6961515529861851 0.371127279296875 0.6285690859375002 0.33499441425793725 0.6528276429331434 0.3803673213617606 0.7204101099818284
7 0.4896555826883515 0.665491403886902 0.42185497961248974 0.6253463100398788 0.3455673949710133 0.754187564356102 0.4133679980468751 0.7943326582031252
7 0.4217069361424263 0.6558970038048152 0.39248655664062504 0.608897029296875 0.3692809251856987 0.6233242149451849 0.3985013046875 0.6703241894531251
7 0.5287804790385175 0.7509402687750028 0.48740718749999995 0.70850222265625 0.41554045846148246 0.7785658425531222 0.45691375 0.821003888671875
7 0.4821585273403534 0.7380882827311498 0.481910966796875 0.6997989140625 0.45018186914402164 0.7000040590657253 0.45042942968750005 0.738293427734375
7 0.4592759824528272 0.846671629277801 0.44129148046875005 0.75928026953125 0.40128421285967286 0.767513472284699 0.41926871484375 0.85490483203125
7 0.41343095221195525 0.7413962680566606 0.37404641987705656 0.7404920312489709 0.37273345008697634 0.7976791538173102 0.41211798242187503 0.798583390625
7 0.3838042073025735 0.7184022184460989 0.35412371093750006 0.7119809570312501 0.3412400895724267 0.771531916319526 0.3709205859375001 0.7779531777343749
7 0.37745730593368015 0.7350936831568298 0.36465941796875 0.669005119140625 0.32043536362364733 0.6775689985543891 0.3332332515885774 0.7436575625705939
7 0.3827403909213626 0.7560618220473201 0.333737208984375 0.744785521484375 0.3127567047817626 0.8359600568589299 0.36175988671875015 0.8472363574218751
7 0.42319791874312485 0.8382416620225865 0.3794002744160927 0.7971813721332509 0.3032726681729677 0.8783841554231643 0.34707031249999987 0.9194444453124999
7 0.35858662349619774 0.871773932662876 0.32008291015625 0.7851624082031249 0.27430934916005234 0.8055113407746238 0.31281306250000007 0.8921228652343749
7 0.34150952747320373 0.7592086045190796 0.30342999609375 0.7331575742187499 0.24920524596429638 0.8124194325902954 0.28728477734375013 0.838470462890625
7 0.311261207197295 0.7171225076656048 0.27392517631859925 0.694120846784031 0.23230274255880434 0.7616819016184263 0.2696387734375001 0.7846835625000002
7 0.35563460540346525 0.696820448861204 0.336663283203125 0.6066980292968751 0.27753358404965967 0.6191451937169211 0.2965049062499999 0.70926761328125
7 0.31191376280207583 0.604714774455696 0.2628056680767503 0.5928337847098488 0.2350307548840496 0.7076367680666531 0.2841388496093751 0.7195177578125002
7 0.3370282689599246 0.5909435429170877 0.333972193359375 0.52920468359375 0.2886706919775754 0.5314471094266621 0.291726767578125 0.5931859687499998
7 0.5384038306819057 0.8729082083930195 0.500454970703125 0.75700741796875 0.4372033607243443 0.7777176002007304 0.475152220703125 0.893618390625
7 0.5593228760409942 0.8601720402451154 0.548092337890625 0.7825288203125 0.5081577411465058 0.7883050749892596 0.519388279296875 0.865948294921875
7 0.607813935426722 0.7695702738105958 0.5805676109273307 0.7570955770472609 0.5549324587037338 0.8130860102679152 0.5821787832031251 0.8255607070312501
7 0.6037285842580423 0.6669232596807073 0.5606936816406249 0.6585438671875001 0.5469432692575827 0.7291632657099179 0.5899781718750001 0.737542658203125
7 0.6274019129550046 0.7673182198189381 0.604562412109375 0.70235252734375 0.5817909407754652 0.7103581225890511 0.6046304416210948 0.7753238150642392
7 0.6066735163392596 0.7744015646241527 0.5920398242187501 0.71764058203125 0.5761829778013656 0.7217286756102225 0.5908166699218751 0.7784896582031251
7 0.608984375 0.63472222265625 0.575 0.63472222265625 0.575 0.686458333984375 0.608984375 0.686458333984375
7 0.6140625 0.57152777734375 0.57421875 0.57152777734375 0.57421875 0.632986111328125 0.6140625 0.632986111328125
7 0.6477902674285749 0.5922658692436944 0.60928540625 0.580603337890625 0.5874269044464251 0.6527710819281805 0.625931765625 0.66443361328125
7 0.6338806328843141 0.5591905697177189 0.5814453124999999 0.46597222265625 0.5434631171156857 0.4873372076260313 0.5958984374999999 0.5805555546875001
7 0.5557924683525504 0.3445786640782529 0.524039626953125 0.34148033203125 0.5153046195380746 0.43099988670299716 0.5470574609375 0.43409821875000004
7 0.5923287257774609 0.42067841889283875 0.5738671869909502 0.4154861111849549 0.5546243987134895 0.48390491494836624 0.5730859375000001 0.4890972226562501
7 0.6388428658927676 0.37363021350783 0.5809110546874999 0.32619854296875 0.4833776594978573 0.4453233001640452 0.541309470703125 0.4927549707031252
7 0.5178057471745398 0.32499334040760103 0.43987021484375005 0.27507794726562507 0.3340601610285854 0.44028475724864913 0.4119956933593751 0.4902001503906251
7 0.39377150791391086 0.3306337300913596 0.354196154296875 0.32305026562500005 0.3373777713829642 0.4108193128773905 0.37695312500000006 0.4184027773437501
7 0.36493935194943616 0.40860064417406716 0.3057301679687501 0.3798931621093751 0.2893485074255639 0.41368033824780814 0.34855769140625004 0.4423878203125002
7 0.38826725419511443 0.4474805645326004 0.30096848046875 0.4345474140625001 0.28932838057051063 0.5131180956236497 0.37662715429687504 0.52605124609375
7 0.3204562314518453 0.5084250324724002 0.29375000000000007 0.49340277734375004 0.25552033104815475 0.5613666335432248 0.28222656250000006 0.5763888886718751
7 0.29742587394085723 0.6070476742387945 0.29690224609375004 0.560192654296875 0.25191614363726783 0.5606953960737057 0.252439771484375 0.6075504160156251
7 0.340128878359786 0.6023810175002581 0.32177302250844597 0.5771417155194257 0.27775932578928497 0.6091516765347926 0.296115181640625 0.634390978515625
7 0.5271154494433439 0.6884604612162543 0.4943052753906251 0.602964240234375 0.44775480055665623 0.6208285290181206 0.480564974609375 0.7063247499999998
7 0.5399623873253631 0.6523765567020648 0.527206837890625 0.59285066015625 0.49739992712776193 0.5992378554073101 0.5101554765625 0.658763751953125
7 0.5402993190700089 0.4958505998911572 0.4809047382812502 0.47491937695312514 0.4364402082737414 0.601092230186968 0.4958347890625002 0.6220234531250001
7 0.36140178441831006 0.7195952672426276 0.3225316347656251 0.704794708984375 0.2935170554254401 0.7809946077573726 0.3323872050781251 0.795795166015625
7 0.5279358535273335 0.4549987965998047 0.5057267148681603 0.45250026931426973 0.4998947226689518 0.5043402168550901 0.522103861328125 0.506838744140625
7 0.5977668170675693 0.6100435826611668 0.5696690078124999 0.5032841523437499 0.5049489329324305 0.5203177044482082 0.5330467421874999 0.627077134765625
7 0.5789247647939914 0.49718446658647936 0.5472314199218751 0.46934853515625014 0.4973068484872587 0.526191492397896 0.529000193359375 0.5540274238281252
7 0.3649198046228858 0.5757213258944074 0.3404388793756955 0.5619508058060553 0.3089297602996848 0.6179670189741477 0.33341068554687514 0.6317375390625
7 0.3543843990873068 0.42019608467631087 0.31818561523437494 0.3909438984375 0.2661849954439432 0.4552932493080642 0.30238377929687504 0.48454543554687507
7 0.4917671624758752 0.31228295428745956 0.39116958593750006 0.30144415820312503 0.3855685191647499 0.3534290593844156 0.486166095703125 0.3642678554687501
7 0.5291540438755034 0.336950428701163 0.485456369140625 0.33009640625 0.46864067878074656 0.4373044834082121 0.5123383535156248 0.44415850585937505
7 0.6112973856775058 0.762075417558427 0.5027400410156251 0.6848790839843751 0.4557932354162444 0.7508980297071983 0.5643505800781251 0.8280943632812503
7 0.5895910973667967 0.7713743989696378 0.57909737109375 0.7216263515625 0.5635063773257797 0.724915076034174 0.5740001035988264 0.7746631234413118