5 0.5005317373426604 0.7504497406943744 0.48501303515625005 0.670442201171875 0.4467048290635896 0.6778726714150006 0.46222353125 0.7578802109375
5 0.5004372507688628 0.7483831651224935 0.4685675175781251 0.74186435546875 0.45575857344988735 0.8044858544087566 0.48762830664062506 0.8110046640625002
5 0.5245603515539671 0.7047317700990283 0.49608027929687504 0.6983237539062501 0.4837774707116581 0.7530029037290968 0.5122575429687501 0.7594109199218751
5 0.526171875 0.748611111328125 0.4921875000000001 0.748611111328125 0.4921875000000001 0.811458333984375 0.526171875 0.811458333984375
5 0.5184583120068382 0.8514198735349147 0.5043321269531251 0.7832554199218751 0.46701615479003683 0.7909886635744605 0.48114233984375 0.8591531171875001
5 0.5643474732850019 0.7407542358906605 0.5280958789062501 0.7354675449218752 0.5159455462462482 0.8187841098124647 0.552197140625 0.8240708007812501
5 0.46091862771124037 0.8688656238142541 0.4603634570312499 0.80076458984375 0.3998262668200095 0.8012580988419957 0.40038143749999994 0.8693591328124999
5 0.4274504738251591 0.39299255769628827 0.31348329687500004 0.31194923437500016 0.260547908987341 0.38638962589746206 0.37451508593750005 0.46743294921875017
5 0.4131630815599087 0.5142945079600023 0.40748838671875 0.45040165234374996 0.38392834617446625 0.45249415610249777 0.389603041015625 0.51638701171875
5 0.4316747908253001 0.6015826160669132 0.4006637409588531 0.5919584976655708 0.37835682903980294 0.6638363288642827 0.4093678789062499 0.673460447265625
5 0.46957578126901633 0.6533040604149603 0.4173238750000001 0.6413636835937502 0.3986427988091089 0.723113351694415 0.4508947050781251 0.7350537285156251
5 0.3895112339395854 0.7791933947265077 0.38254947070312506 0.7044395410156251 0.3241030453572897 0.7098826072266173 0.33106480859375004 0.7846364609375
5 0.38378874026861115 0.7018142584123737 0.36647624218750013 0.6737450957031252 0.324917984340764 0.6993773978376266 0.34223048242187504 0.7274465605468751
5 0.4010766362159092 0.6054790603364393 0.3507527207031251 0.5989466289062501 0.3387429731590909 0.691466164272936 0.38906688867187506 0.6979985957031252
5 0.5477247182959033 0.723162076572528 0.540178435546875 0.6519561367187501 0.4983251352197216 0.6563916773337222 0.5058714179687499 0.7275976171875
5 0.6136439208265168 0.6932804660977854 0.5765371796875 0.6921522207031251 0.5746176983141084 0.7552818366365898 0.6117244394531252 0.75641008203125
5 0.6458480340420416 0.6623276760580441 0.6223369609375 0.581947943359375 0.5867273350985833 0.5923637594888309 0.6102384082031249 0.6727434921874998
5 0.32051639590865677 0.8189999766342252 0.309405509765625 0.74339486328125 0.26310810022638326 0.750198705287362 0.27421898636941505 0.8258038186403371
5 0.3365054929765862 0.7996178116352002 0.332856583984375 0.7336671542968751 0.3064134542890388 0.7351301961772999 0.31006236328125003 0.801080853515625
5 0.3531431947626642 0.6071622819956997 0.32269071679687505 0.60287990234375 0.31303327594046093 0.6715550383168004 0.3434857539062501 0.6758374179687501
5 0.4070811634101992 0.8552153892367769 0.38517494140625 0.75547975 0.33868984244917577 0.7656898705288482 0.360596064453125 0.865425509765625
5 0.4206502577411403 0.8402924130018856 0.39608955629524223 0.8255857037018011 0.369155191132227 0.8705670035905405 0.39371589257812506 0.8852737128906251
5 0.3304756996532101 0.7457474985904494 0.29664370898437503 0.702612658203125 0.27442445659678993 0.7200399057064256 0.30825644726562507 0.76317474609375
5 0.30161583970447364 0.7629788448720296 0.28527646484375 0.7020722187500001 0.2553676544361514 0.7100958328623456 0.271707029296875 0.771002458984375
5 0.36148083563182704 0.6295848650173874 0.2864505431014585 0.6093266870084875 0.2536981703602566 0.7306317770692252 0.32872846289062513 0.7508899550781252
5 0.2909735023148982 0.6458261626257287 0.28559673828125 0.59016084375 0.25162548987260175 0.5934421576867713 0.25700225390625 0.6491074765625
5 0.30195698193645104 0.6254089416527326 0.29905201953125005 0.5789295390625 0.282017865719799 0.5799941735816424 0.284922828125 0.626473576171875
5 0.3715221657627471 0.565069699320656 0.33214377343750007 0.563283380859375 0.32986804126850305 0.613450624898094 0.3692464335937501 0.615236943359375
5 0.4408462868356729 0.5876546767471568 0.367402171875 0.47267748828125 0.3078917532938907 0.5106910288969588 0.38133586825456356 0.6256682173628656
5 0.49549905208110556 0.5269437745596237 0.4260562734375001 0.4969330605468751 0.3707431373720197 0.6249239461435014 0.4401859160156252 0.65493466015625
5 0.5128159890557462 0.5657651488186198 0.5062158749999999 0.475808033203125 0.443155200254846 0.48043476720746253 0.4497553143105923 0.5703918828229575
5 0.541233847462762 0.3387178207441617 0.4777519768538856 0.33021578493369574 0.45722544579737373 0.4834805579395341 0.5207073164062501 0.49198259375000003
5 0.5868172454874657 0.35399848932965877 0.5254168202923437 0.353364769531042 0.524465029883003 0.4455827118420083 0.585865455078125 0.4462164316406251
5 0.3488513667409715 0.4224534922693046 0.27433423828125003 0.41000322851562504 0.25465363130590357 0.5277952967931956 0.32917075976562504 0.5402455605468751
5 0.35404129281658436 0.45277244288929974 0.3309919726562501 0.40923483593750004 0.30867408723514717 0.4210501864445263 0.3317234073954814 0.46458779339632605
5 0.31439428703142913 0.5202689829561612 0.28521722656250004 0.5096493906250001 0.25869546296857093 0.582517263137589 0.2878725234375 0.5931368554687501
5 0.451826833886153 0.42480120357830425 0.40028418164062496 0.3692215117187499 0.37323793662442944 0.39430324849663156 0.4247805888699575 0.4498829403561859
5 0.45594172396539634 0.3246292279932282 0.42620865584704504 0.3131308936201098 0.39601243578789874 0.3912140523456317 0.42574550390625004 0.4027123867187501
5 0.6271915413815213 0.6813852969285045 0.6058984375 0.6574305546875002 0.5630037711184788 0.6955591464308711 0.584296875 0.7195138886718754
5 0.6155865596246691 0.697817500529051 0.594552431640625 0.588934953125 0.5266842002112226 0.6020458611628079 0.5477183281952668 0.7109284085668589
5 0.5756420154765259 0.5913654351508354 0.52962749049654 0.5732472161310596 0.49497798673876403 0.6612459567614742 0.54099251171875 0.6793641757812501
5 0.5553628292821623 0.5638112464927243 0.526907720703125 0.5155507343750001 0.44459779181158776 0.5640818804604006 0.47305290039062503 0.612342392578125
5 0.6200154060607275 0.6026292603531951 0.59807426953125 0.5204370703124999 0.5566425333923977 0.5314972376936798 0.578583669921875 0.613689427734375
5 0.6425095640415137 0.546393019991017 0.5921177324218752 0.49264172851562504 0.5657910140834863 0.5173230249308581 0.616182845703125 0.5710743164062501
5 0.596676750594956 0.49483899948081883 0.5812145357059919 0.4851615049810254 0.5552104198766611 0.5267095758127067 0.5706726347656251 0.5363870703125001
5 0.5830778269788751 0.4985310660031536 0.5821313359375 0.4631953808593751 0.5596835480211249 0.46379666055934654 0.5606300390625 0.49913234570312504
5 0.5398988209274895 0.3598603239118096 0.46925838775564993 0.31062317514263116 0.3768383012031603 0.44321807779332156 0.44747873437499996 0.4924552265625
5 0.45646558852832175 0.5150069840724829 0.4483450820312499 0.48142032812500013 0.4057028489716781 0.49173027178689227 0.41382335546874993 0.5253169277343751
5 0.47743903490648865 0.7051664976949115 0.3880067285960521 0.686632829690033 0.3582452679083136 0.8302436933232467 0.44767757421875015 0.8487773613281251
5 0.3435393573727238 0.5338804734224928 0.3020512187500001 0.527376697265625 0.2853515000491514 0.6339056164212572 0.3268396386718751 0.640409392578125
5 0.4253794930041856 0.3179505321378302 0.355532841796875 0.302515669921875 0.32601570426143944 0.4360881748934199 0.39586235546875004 0.4515230371093751
5 0.2774106553167774 0.7034376861009537 0.2651201914062501 0.6994871796875 0.25248718062072273 0.7387898783521712 0.2647776445312501 0.7427403847656251
5 0.2801565837983915 0.7569252360711061 0.264483017578125 0.7513415273437499 0.2524635451078587 0.7850803928351439 0.2681371113281251 0.7906641015625
5 0.6174051770406408 0.589882845051232 0.6034174140625 0.5732209511718751 0.5769317467874842 0.5954558326831431 0.5909195097656249 0.6121177265625
5 0.621486123442326 0.6556572186230177 0.605520753892344 0.6555435410155259 0.605345220293768 0.6801962305956332 0.62131058984375 0.680309908203125