7 0.5346432857726905 0.6224775213998454 0.4756822862123914 0.5836667572220654 0.40401298872095104 0.6925461752753452 0.46297398828125014 0.7313569394531252
7 0.5624984441120808 0.6806680026906035 0.530120998046875 0.61214430859375 0.4979450941959971 0.6273474234471111 0.530322540261203 0.6958711175439646
7 0.4717813894604652 0.5858207688328675 0.437322908203125 0.5674855976562501 0.3914236632739098 0.6537470378077576 0.42588214453125 0.672082208984375
7 0.44198924947856594 0.586780720779597 0.424006927734375 0.50450096484375 0.374077869662059 0.5154130096891529 0.39206019140625 0.597692765625
7 0.4465972689585941 0.6529189688751372 0.4044384316406252 0.6458046640625 0.39222153768203116 0.7182010623748629 0.4343803750000001 0.7253153671875001
7 0.4513792277579151 0.7408485611155783 0.4131229863281251 0.73987041796875 0.4109524402108351 0.8247628353687968 0.4492086816406251 0.8257409785156251
7 0.4189363989514695 0.7382967288411001 0.39271347633530207 0.7352039042700784 0.38514301879008256 0.7993910308977283 0.41136594140625 0.80248385546875
7 0.43876672682089934 0.7306425889825886 0.39268212109375 0.6883570703125 0.3680087066926426 0.7152472353235758 0.4140933124197919 0.7575327539936644
7 0.4156006458850342 0.6714308664901123 0.3785358296240503 0.6467911871981435 0.3319007013171412 0.7169431742236565 0.3689655175781251 0.7415828535156253
7 0.45410877146748396 0.33726628542003273 0.39713224023437504 0.33293529882812506 0.38586808204814116 0.4811215485643424 0.4428446132812501 0.4854525351562501
7 0.6224465395531998 0.3890399192560551 0.507330986328125 0.3428286582031251 0.47681707372805016 0.4188409948064451 0.591932626953125 0.46505225585937504
7 0.6066963681478948 0.5781742991939182 0.5893197109375 0.490647435546875 0.5473613232583551 0.4989774097904567 0.5647379804687499 0.5865042734374999
7 0.6018577919030471 0.6864210184706031 0.6006206992187499 0.6138449277343749 0.5434876787667955 0.6148187862174641 0.5447247714510927 0.6873948769536923
7 0.6327794573084061 0.6562678378887834 0.6048828125000001 0.5736111113281251 0.5712876383947189 0.5849494824237167 0.5991842832031249 0.667606208984375
7 0.6238036096751401 0.7073323833278485 0.621615736328125 0.648989060546875 0.6005776129811098 0.6497779897190263 0.602765486328125 0.7081213124999999
7 0.6147145249083141 0.73467300508874 0.5735857363281252 0.7260800253906252 0.5590665239198113 0.7955736863175104 0.6001953125000002 0.8041666660156251
7 0.41556731141211894 0.8279352957360332 0.41109896484375 0.770210880859375 0.37003196593163107 0.7733898058264668 0.3745003125 0.831114220703125
7 0.3814345052412596 0.7566868829423541 0.33836604322877023 0.7514955954990455 0.3293848543937608 0.8260062047441916 0.3724533164062502 0.8311974921875002
7 0.43454668834546273 0.4411901495649256 0.3630025546875001 0.31789414453125003 0.29876123743578736 0.35517101645069943 0.37030537109375 0.478467021484375
7 0.35971703382345405 0.4471513139489063 0.327578015625 0.36872930859375014 0.289880440785921 0.3841785825354689 0.322019458984375 0.4626005878906251
7 0.41194737768392004 0.35922934378552196 0.3806196875000001 0.322341328125 0.36164105981608 0.3384592069957281 0.39296875 0.3753472226562501
7 0.5862136375613385 0.619097147911845 0.5797369199218751 0.584594330078125 0.5388188663449116 0.5922752876350299 0.545295583984375 0.6267781054687499
7 0.6019512648244398 0.5978672213718368 0.5992717753906249 0.5662157499999999 0.56253455939431 0.5693257786281632 0.5652140488281249 0.6009772500000001
7 0.5889749887641921 0.7438827181874681 0.576441583984375 0.6800087734374999 0.5451517749076829 0.6861484888437818 0.5576851796875 0.75002243359375
7 0.6368142347088444 0.7608976282880902 0.623954326171875 0.696121794921875 0.5809790328692808 0.7046536549150347 0.5938389414062502 0.7694294882812499
7 0.6140806200889916 0.7438237910696007 0.6003741796875 0.7432214570312501 0.5976639599891334 0.8048939882272743 0.611370400390625 0.805496322265625
7 0.5759203437505123 0.7364168643467668 0.5470915839843751 0.7302392734375001 0.5335730039057378 0.7933259852626083 0.562401763671875 0.7995035761718751
7 0.6033522970713576 0.45909465990207055 0.5586545351562502 0.45661144921875013 0.5563113844610945 0.49878813306067005 0.601009146376202 0.5012713437439905
7 0.40085637019922493 0.7271634615768425 0.3731640625 0.719375 0.3563311298007752 0.7792254270950326 0.3840234375000001 0.7870138886718752
7 0.5262778613605956 0.3455353900749098 0.47444040234374996 0.31722609765625004 0.4180912148112794 0.42040771930009035 0.4699286738281251 0.4487170117187501
7 0.5125772160028887 0.43597385187239435 0.5099774296874999 0.38436326562500006 0.47613882110648603 0.3860678219557308 0.4787386074218749 0.4376784082031251
7 0.5516768264511899 0.4024691165948261 0.5262141992187499 0.37866241992187505 0.4798123942519351 0.42829181113954906 0.505275021484375 0.4520985078125001
7 0.5851365952552066 0.5391688827922672 0.537132455078125 0.5188489492187501 0.49289822310416864 0.6233486152546082 0.5409023632812502 0.6436685488281252
7 0.4398679171324207 0.5462985263941496 0.3559240625000001 0.45851409960937506 0.30367843638320446 0.5084739775121008 0.387622291015625 0.5962584042968752
7 0.40415282139927056 0.5878720866698299 0.32804810546875 0.50669372265625 0.28790907899135443 0.5443240598145453 0.36401379492187497 0.6255024238281252
7 0.3564308392631199 0.457213526674832 0.33056380859375 0.44880168945312504 0.2960514576118801 0.5549297584814181 0.32191848828125 0.5633415957031251
7 0.40335064417069244 0.6932344559928489 0.3422264003906249 0.65600171484375 0.27593419371993255 0.7648322998665263 0.3370584375000001 0.8020650410156251
7 0.3458785624389418 0.6667467590661982 0.33173035546875007 0.6566599921875002 0.29369392974855835 0.710011797574427 0.30784213671875005 0.720098564453125
7 0.317256780370259 0.6592039390133653 0.303345908203125 0.5958790234375 0.2675516708915288 0.6037421063178101 0.2814625430586628 0.6670670218936754
7 0.32079070712488095 0.6815353196396804 0.31744069921875007 0.6458019082031251 0.30668552706860885 0.6468102057679613 0.3100355349747398 0.6825436172045166
7 0.3460577290103304 0.6748735626255038 0.32049308593750003 0.6447572480468752 0.3052886604795077 0.6576637313068441 0.33085330355233805 0.6877800458854727
7 0.3697046133073192 0.5898702299468452 0.33606500195312505 0.5863223027343751 0.3315762812239309 0.6288820317719049 0.36521589257812503 0.632429958984375
7 0.3625455991592586 0.6643056361129478 0.33347826757812493 0.577103646484375 0.2948195824813663 0.5899898756058022 0.3238869140624999 0.677191865234375
7 0.3403719251527922 0.7577834014419337 0.31869183593750006 0.754560423828125 0.31255884633158293 0.7958153680893164 0.33423893554687506 0.799038345703125
7 0.6139432221756044 0.7235369658557496 0.602959705078125 0.6686193828125 0.5741988306338909 0.6743715579573515 0.5851823477313702 0.729289141000601
7 0.5176944029028008 0.36401237901366357 0.4944871777343749 0.32550557617187514 0.479136524831574 0.3347570858300866 0.5023437499999999 0.37326388867187504