7 0.5868781291728487 0.3999361187465227 0.5421875 0.320486111328125 0.49886405832715136 0.3448555472691024 0.5435546874999999 0.4243055546875
7 0.5964693432290131 0.6127673840684871 0.5544089022960121 0.6117387324207076 0.5530773832857492 0.6661830885865957 0.5951378242187502 0.6672117402343751
7 0.5936446909327644 0.7656481144644246 0.57583092578125 0.6798541464843749 0.5279853969578604 0.6897885163949504 0.545799162109375 0.7755824843750001
7 0.5549218628645499 0.7771532102023611 0.5068143554687501 0.7757289746093751 0.5042891176042003 0.8610258874538892 0.5523966250000001 0.8624501230468752
7 0.5112392892202099 0.8653480737597944 0.5052226152343748 0.787799818359375 0.4694332049204149 0.7905765824902056 0.4754498789062499 0.868124837890625
7 0.49104762720330974 0.8284752856606665 0.4747773203125 0.7288447695312499 0.42154721654669025 0.7375375893393333 0.4378175234375 0.83716810546875
7 0.45088910189009324 0.7919748406317584 0.434718373046875 0.7243325761718751 0.39184628438698 0.734581684864455 0.40801701323019823 0.8022239493243383
7 0.4456960962554113 0.8553471833978908 0.43360156250000004 0.78447222265625 0.39780665765083867 0.7905804826177341 0.4099011914062499 0.8614554433593749
7 0.4133881370961722 0.7572885995923608 0.38210832985634074 0.7536896445057322 0.3722043470570435 0.8397687050696213 0.403484154296875 0.84336766015625
7 0.44385871108319075 0.6607143181353847 0.40369701134727154 0.6490293411205357 0.3711063295609559 0.7610447241570262 0.4112680292968751 0.7727297011718751
7 0.486260276754246 0.7388628326179684 0.468422794921875 0.6635490195312501 0.4197158267613791 0.6750848802726568 0.4375533085937501 0.750398693359375
7 0.474288391691126 0.6825705401189732 0.466064953125 0.606688634765625 0.41837745012842087 0.6118566026683578 0.42660088869454693 0.6877385080217061
7 0.4453549112249 0.5909412888479657 0.4033824042968751 0.5775625527343751 0.36894117471260024 0.6856134728707846 0.41091368164062514 0.6989922089843751
7 0.3914812762304587 0.6821086716275369 0.37913884179687507 0.601236326171875 0.3219024506677915 0.609971529791176 0.33424488510137507 0.6908438752468379
7 0.4339226472839197 0.54881809957751 0.4105110426104407 0.5353392135129759 0.37326602423277105 0.6000304381542159 0.3966776289062501 0.6135093242187499
7 0.38124095783000034 0.5890323647161901 0.35266282421874995 0.560994224609375 0.2892873409981246 0.6255902720025597 0.317865474609375 0.6536284121093748
7 0.40117853450494007 0.7754697847684665 0.37657231250000006 0.7235233203125 0.34779995182318496 0.7371523343721584 0.37240617382812496 0.789098798828125
7 0.39669283086993984 0.6639267375314236 0.36858693950720334 0.6591838688201609 0.3553248000435136 0.7377743324606122 0.3834306914062501 0.7425172011718749
7 0.49684485090110186 0.33390834308522294 0.41389984570312505 0.3229303281250001 0.3985637037863982 0.43880340496165227 0.48150870898437503 0.4497814199218751
7 0.5507025125735293 0.40158578470588246 0.47169843749999996 0.30435000000000006 0.4358552999264705 0.33347254927849274 0.5148593749999999 0.43070833398437514
7 0.6032987962174853 0.37485227259861525 0.5561741129667315 0.36705591010421573 0.5453676038586213 0.4323752585993506 0.5924922871093751 0.44017162109375013
7 0.5636072197613097 0.45028975019823864 0.5272656250000001 0.4179861113281251 0.5079552802386905 0.43971024980176143 0.5442968750000001 0.472013888671875
7 0.5596032676175545 0.6700888893014447 0.5556032265625002 0.591865892578125 0.5028647128511957 0.5945627493704304 0.5068647539062501 0.6727857460937501
7 0.5100435952569992 0.6030444162295882 0.47211672265625004 0.6009110292968751 0.46797891255550084 0.6744720857235371 0.50590578515625 0.6766054726562502
7 0.5223751573763834 0.7524922980520907 0.4744524921875001 0.725478978515625 0.4570636102017417 0.7563275222604096 0.504986275390625 0.7833408417968752
7 0.4731588022276435 0.5098505130361131 0.41993828714036185 0.5090189433293416 0.41891500249084346 0.5745092271682286 0.4721355175781251 0.5753407968750001
7 0.5152742305009389 0.44508800987518315 0.5151206328124999 0.40112487499999994 0.4740885253516122 0.4012682323123406 0.4742421230400513 0.4452313671875238
7 0.3880048663466549 0.48477049385636056 0.36847270117187503 0.47172361718750005 0.3339682645127202 0.5233793791905146 0.35350042968750006 0.5364262558593751
7 0.5083547261596103 0.73425526312637 0.5029015332031251 0.663623427734375 0.4709078031372648 0.6660935317955051 0.47636099609375 0.7367253671875001
7 0.5306730554518186 0.7295527058610572 0.52662913671875 0.660057189453125 0.5010691320481813 0.6615445167951927 0.50511305078125 0.7310400332031249
7 0.5476756907637775 0.7926304607641991 0.53856881640625 0.720674904296875 0.5047934264237224 0.724949601735801 0.51390030078125 0.7969051582031251
7 0.6007760237215088 0.6964677860835086 0.5942783512488682 0.657075648489233 0.5464340326054843 0.6649674952182244 0.552931705078125 0.7043596328124999
7 0.6184746104564708 0.5601041576195503 0.5948773984375001 0.5587768144531252 0.5930372254810296 0.591491000583575 0.6166344375000002 0.5928183437500001
7 0.6467215933667764 0.6297924764756925 0.62469128515625 0.5746054394531251 0.6056056657263414 0.5822242952771434 0.6276359739368678 0.6374113322997107
7 0.6166960288222147 0.45374114496404516 0.59717548046875 0.4464209394531251 0.5783760864121603 0.49655265777033 0.597896634765625 0.5038728632812501
7 0.648549361737183 0.5070404496092494 0.6071122382812502 0.471477552734375 0.5907331237625189 0.49056214510601187 0.6321702472184517 0.5261250419808862
7 0.6144322555412514 0.5324518002494255 0.5837081631283215 0.4909742760826092 0.5109491224308202 0.5448698625519337 0.54167321484375 0.5863473867187501
7 0.6018359452964352 0.5506943650743569 0.5588641816650353 0.5458600427517698 0.55262619339985 0.6013088397867882 0.59559795703125 0.6061431621093752
7 0.5999652030003978 0.6079570748904103 0.543349310546875 0.5679549609375001 0.5244426747152713 0.5947139482790207 0.5810585671687941 0.634716062231931
7 0.6115240175222441 0.6402788086116067 0.58671875 0.5961805546875 0.5712884824777558 0.6048600800602683 0.5960937499999999 0.648958333984375
7 0.6297354219097719 0.811026435824604 0.586729546875 0.7203473789062501 0.5463234784808532 0.7395105505035211 0.5893293535156251 0.8301896074218751
7 0.5008434266124115 0.5049942024052276 0.4630463906250001 0.43012007421875 0.4235436065907135 0.4500613835322723 0.461340642578125 0.52493551171875
7 0.5697755915881656 0.46892005003249776 0.541388845703125 0.4673232949218752 0.5378319259899594 0.5305573972331274 0.5662186718750001 0.5321541523437501
7 0.6144526889865429 0.5667154297661199 0.594922025390625 0.529159869140625 0.575864684060332 0.5390705858588801 0.5953953476562499 0.576626146484375
7 0.3768942651933723 0.38377470617158915 0.3600191347656251 0.38037966406250007 0.3475419769941278 0.442397647344036 0.36441710742187505 0.4457926894531251
7 0.44181028446253157 0.48400841126001637 0.41673435472948317 0.4725274254427776 0.39608021284507655 0.5176386919171362 0.42115614257812495 0.529119677734375
7 0.4168470507867125 0.49733156937509854 0.36701359179687504 0.4868198242187501 0.3466642929632876 0.5832905751561517 0.3964977519531251 0.5938023203125001
7 0.4083261624230433 0.6169282312919386 0.3751802890625 0.5776442304687501 0.3527615778113317 0.5965600167549366 0.385907451171875 0.6358440175781251
7 0.5862489451630404 0.8340082883922363 0.562983693359375 0.757650541015625 0.5362500060088347 0.7657959616077639 0.5595152578125 0.8421537089843751
7 0.5828489524407621 0.4191071477513675 0.5422389082031251 0.41358057812500004 0.5349294284186131 0.4672917077173826 0.57553947265625 0.47281827734375
7 0.6087956390492743 0.5119313356589392 0.5727900000000001 0.47882270117187503 0.5589140367319759 0.4939128108254358 0.59491967578125 0.5270214453125001
7 0.6338028561925001 0.520009110127523 0.5717517031250001 0.4790356484375 0.55332221021375 0.5069456965131021 0.61537336328125 0.5479191582031251
7 0.6218318628801605 0.7587113252645001 0.59783189453125 0.692441908203125 0.5751617406354645 0.7006520751261249 0.599161708984375 0.7669214921875
7 0.6128230802262126 0.6979861405784451 0.60567105078125 0.6420413691406252 0.5875610587227436 0.644356566667072 0.5947130881677061 0.7003013381048919
7 0.6352589282704775 0.6961452400397617 0.6132659648437501 0.652796791015625 0.5964540541513976 0.6613263634758632 0.6184470175781251 0.7046748124999999
7 0.6201357018367668 0.6658545239270365 0.6052192656249997 0.6281708984374998 0.5895038469913579 0.6343915854479634 0.6044202832031249 0.6720752109375
7 0.4333165769489776 0.4637557039986403 0.408581646484375 0.359765 0.34817561641039735 0.3741330049857348 0.37291054687499997 0.4781237089843751
7 0.5532424756497253 0.6060710239253553 0.51611663671875 0.5034020390624999 0.4738592639600573 0.5186826071598768 0.5109851028910326 0.6213515920227322
7 0.5604570944217772 0.4687253704284506 0.48021469921875004 0.44559242578125 0.462025278625098 0.5086869733215496 0.5422676738281251 0.5318199179687501
7 0.6419687946415507 0.4481813584691028 0.617374630859375 0.41053127343750007 0.5472897268428245 0.4563128329371474 0.5718838906250001 0.49396291796875014
7 0.44057396684151084 0.5679341966336431 0.413299091796875 0.5647042773437501 0.40846817768973925 0.6054986646944821 0.4357430527343751 0.6087285839843751
7 0.36832688251108003 0.6866041779943199 0.3451638283362125 0.6785384720496913 0.32536587160638253 0.7353941456178716 0.34852892578125005 0.7434598515625002
7 0.3976330272453668 0.5942846114367668 0.35218187109375004 0.54435813671875 0.33032695215537733 0.5642540203948799 0.3757781083069941 0.6141804951128967
7 0.47017451281513434 0.6091862887340916 0.4639970996093751 0.5778089667968751 0.4444235457786157 0.5816625120471584 0.4506009589843749 0.613039833984375
7 0.6334137027259163 0.6329710039767332 0.6067289785156251 0.578754427734375 0.5806999300865838 0.5915656014920168 0.607384654296875 0.6457821777343749
7 0.6454823730507936 0.5319859667158096 0.623337724609375 0.5137166328125 0.5886182460898314 0.5558008516435654 0.61076289453125 0.574070185546875
7 0.5524024001604233 0.6752171952606806 0.53588437890625 0.669937998046875 0.5199494787458269 0.7197965293486944 0.5364675000000001 0.7250757265625