7 0.5904819156498671 0.8065484691004958 0.58316678515625 0.7246954921875 0.5349899417874836 0.72900101544767 0.5423050722811007 0.8108539923606659
7 0.5042681906478961 0.6151855342029553 0.46021634570312503 0.6102297011718751 0.45243253005522915 0.6794191669689198 0.49648437500000014 0.684375
7 0.45813458621996217 0.6689080858233498 0.456087888671875 0.5906787792968751 0.3975342184675378 0.5922107071454003 0.39958091601562495 0.670440013671875
7 0.4063863815705124 0.5877788479393393 0.37467148046875015 0.5849156972656252 0.3673421438201129 0.6661021989356611 0.3990570449218751 0.6689653496093753
7 0.5325257945376894 0.5190440209929931 0.5036239921874999 0.48334872460937495 0.4284529496029354 0.5442132876007568 0.457354751953125 0.579908583984375
7 0.5464082073347689 0.575281529061928 0.47918675781250003 0.5418201855468752 0.4550847457902311 0.5902394064849475 0.5223061953125001 0.6237007500000002
7 0.45815604139381866 0.8668516500383132 0.44700788867187513 0.773629236328125 0.3893555035280565 0.7805236898054367 0.40050365625000006 0.873746103515625
7 0.39938886217808894 0.7999701390878489 0.36481577148437494 0.70606791015625 0.31046160398552447 0.7260801248171814 0.3450346946792385 0.8199823537487803
7 0.3773227645188669 0.580591089166282 0.3463064804687501 0.5622720957031251 0.2969575284498832 0.6458258737243432 0.3279738125 0.6641448671875001
7 0.3789759880410688 0.6614331939102038 0.375778048828125 0.59889571875 0.33933215844330616 0.6007594291366712 0.34253009765625 0.663296904296875
7 0.37563229062233716 0.49854047278674074 0.343586681640625 0.48521716210937504 0.31034006875266296 0.5651828690101343 0.3423856777343751 0.5785061796875
7 0.3545380563987479 0.6425005289174973 0.32423243359375 0.63748673046875 0.31226379321062714 0.7098305042856278 0.3425694160156251 0.714844302734375
7 0.37438583339632986 0.6556235697719345 0.34756957408042394 0.6535531971041527 0.3429845961528442 0.7129395863165934 0.36980085546875013 0.7150099589843751
7 0.4009761532112065 0.659551156197777 0.3744840797721335 0.6552935019039478 0.3641918894515521 0.7193338027374208 0.3906839628906251 0.72359145703125
7 0.4340204883794261 0.6589819261091874 0.40160458789062503 0.6527823847656251 0.38768672060494913 0.7255555426408129 0.4201026210937502 0.7317550839843752
7 0.42711779486761453 0.7423257048185405 0.37576135546875006 0.7041455644531252 0.35157940239801067 0.7366729201814599 0.40293584179687514 0.7748530605468753
7 0.3592520249969767 0.7046615430672352 0.3390960703125001 0.698539171875 0.3138284203155235 0.7817248514640152 0.3339843750000001 0.7878472226562501
7 0.46279410599326565 0.5139678272089988 0.407868345703125 0.49503172851562505 0.3751813217411094 0.5898432138066263 0.43010708203125003 0.6087793125
7 0.49054741166466 0.7567211281898805 0.46900655468749997 0.7057033085937501 0.39543099263221504 0.7367685456382447 0.41697184960937494 0.7877863652343751
7 0.5088521829216172 0.6800968004050483 0.4593146191406251 0.6695287851562503 0.45108472488297874 0.7081064084943075 0.5006222886639707 0.7186744237431055
7 0.541796875 0.65902777734375 0.4980468750000001 0.65902777734375 0.4980468750000001 0.7336805546875 0.541796875 0.7336805546875
7 0.561129324380477 0.713596406399185 0.53871460546875 0.6983795175781251 0.506778921713273 0.7454212869601902 0.529193640625 0.7606381757812501
7 0.5068117421488837 0.4799744016139351 0.47899928125 0.45034185937500015 0.4260278633198663 0.5000596823704403 0.45384032421875004 0.5296922246093753
7 0.45611392077529 0.4462431846672532 0.40319362304687506 0.4412819062500001 0.39562277649033517 0.522037594629622 0.4485430742187501 0.5269988730468751
7 0.4066525971732133 0.4991924418622125 0.40386462695312497 0.44467213085937496 0.3645852367115464 0.44668073587725626 0.36737320693163467 0.5012010468800938
7 0.38002829186593445 0.5106825339193054 0.365084947265625 0.481855654296875 0.35115146050087054 0.48907852742559077 0.36609480510118 0.5179054070480211
7 0.48273390823450407 0.4232721861892197 0.4569171562500001 0.421819994140625 0.4539829081717461 0.4739844134201554 0.47979966015625003 0.4754366054687501
7 0.5756106225564079 0.4495482220880942 0.50996369921875 0.38977216210937504 0.473216613771717 0.430128336505656 0.538863537109375 0.48990439648437517
7 0.5818032647636352 0.37664961072831404 0.530168029296875 0.302911857421875 0.4958327202539816 0.32695533159562584 0.5474679557207418 0.4006930849020649
7 0.5877057120031237 0.4230243096048933 0.5863706523437501 0.358263298828125 0.5314488035816295 0.3593955224271864 0.5327838632410031 0.4241565332039547
7 0.6115957742257128 0.41139831574137387 0.5830859374999999 0.3438194453125001 0.5644745382742872 0.35167112957112623 0.5929843749999999 0.41925
7 0.5420455558103707 0.41353867657420434 0.5342799355468751 0.357504400390625 0.49392613364275445 0.36309691131642075 0.50169175390625 0.4191311875000001
7 0.6023647503435784 0.5792980018664633 0.5449359628906251 0.5552755 0.5280226724983623 0.5957088305692587 0.5854514599513156 0.6197313324357219
7 0.5772682658147454 0.6147655983459961 0.5336575976562501 0.5977468007812501 0.5211009526771235 0.6299232030967152 0.5647116208356189 0.6469420006614612
7 0.6030259727729014 0.6551985836884563 0.5951401660156249 0.5991217324218752 0.5578885490186805 0.6043602407617512 0.5657743557759569 0.6604370920283323
7 0.6225438637489282 0.8071902080597546 0.6141008027343751 0.7455979023437502 0.569701388240221 0.7516841652499167 0.5781444492547742 0.813276470965921
7 0.6466365109680113 0.7416940980793612 0.612355744140625 0.7365519824218751 0.6052501589538638 0.7839225444987641 0.6395309257812501 0.7890646601562501
7 0.6536481335005361 0.6913754812943629 0.6122163357273522 0.6868647616958711 0.6056492901174413 0.7471842960265083 0.6470810878906251 0.751695015625
7 0.6681915453067084 0.6983368221215078 0.634018072265625 0.6594550078125001 0.6127166031307916 0.6781770040503674 0.646890076171875 0.7170588183593751
7 0.5514387230961776 0.751227411357246 0.5222311582031253 0.7471200976562502 0.5109923433100729 0.8270405612990044 0.5401999082031252 0.8311478750000002
7 0.6431052756479708 0.6606866542392252 0.64002813671875 0.59808017578125 0.590587501695779 0.6005102070888997 0.5936646406249998 0.663116685546875
7 0.6351379994208468 0.5148329222395123 0.5953533964843751 0.4994572304687501 0.5840435220635283 0.528721530885488 0.623828125 0.5440972226562502
7 0.39931555589281204 0.5059451343042761 0.35929264453125015 0.5051411015625001 0.3581088054353132 0.5640699047582242 0.3981317167968751 0.5648739375000001
7 0.38493517491280344 0.5560941038590888 0.35110113671875004 0.5523806113281252 0.3456155047746967 0.6023608062971616 0.3794495429687501 0.6060742988281251
7 0.5344113368809676 0.47064491845462925 0.5204350859375 0.4557491777343751 0.4927598506190324 0.4817160659203709 0.5067361015625 0.49661180664062504
7 0.4437194211940636 0.3464265869530692 0.3651806445370205 0.3421512909096198 0.35975536592108187 0.4418156746596757 0.438294142578125 0.4460909707031251
7 0.5450295245187483 0.7193058007446144 0.47072223063516216 0.696628243595345 0.426705651428914 0.8408568686319808 0.5010129453125001 0.8635344257812502
7 0.5132221375723284 0.836890071564699 0.4656299511718751 0.826165072265625 0.4593061788339219 0.8542268132009259 0.5068983652343751 0.8649518124999999
7 0.4772908634088572 0.8420256471755231 0.44813078515625004 0.7858654941406251 0.4303779827090153 0.7950832950295001 0.4595380609616225 0.8512434480643981
7 0.5960057395110014 0.7236990195601826 0.56756892578125 0.6225903457031249 0.5197539870514987 0.6360382968460674 0.5481908007812502 0.7371469707031251
7 0.6229744538760456 0.662297014924587 0.5878787929687501 0.6459593789062501 0.5451907804989546 0.7376595495285381 0.5802864414062501 0.7539971855468751
7 0.6632404957688351 0.6395602407382723 0.642746708984375 0.6296463710937501 0.6224807034499149 0.6715399213711029 0.642974490234375 0.6814537910156251
7 0.6659281255386325 0.5548955038305543 0.6208722363281252 0.5443355292968751 0.6040691478988678 0.6160287032006959 0.6491250371093751 0.626588677734375
7 0.648095100520075 0.5425582285827829 0.612995943359375 0.5055969804687501 0.5479306514330499 0.5673843124328423 0.5830298085937499 0.604345560546875
7 0.5632253902516857 0.5147006321109314 0.516893626953125 0.47484535351562507 0.49245502185768936 0.5032552331234438 0.5387867851562501 0.5431105117187501
7 0.5620519518456647 0.586489645496704 0.5245576425781249 0.5168032539062501 0.49601360674808503 0.5321611865345462 0.5335079160156249 0.6018475781250001
7 0.49611155771269994 0.4191301716685667 0.4768886425781251 0.3166079453125 0.4337349071310501 0.3246992697376833 0.452957822265625 0.42722149609375
7 0.48121993766799803 0.42422305219641454 0.4330894140625 0.38144035156249995 0.4098002372511828 0.4076406675234131 0.45793076085668083 0.4504233681573277
7 0.623493588985254 0.42889691117529827 0.5866495030134988 0.38874261426141576 0.5108227948876198 0.45831837496111766 0.5476668808593751 0.49847267187500016
7 0.6139730247853494 0.4496328204442954 0.566551341796875 0.44463131445312504 0.5594664654490258 0.5118064334619546 0.6068881484375002 0.5168079394531251
7 0.6561095413979552 0.39788744755244077 0.6175145585937502 0.3817949589843751 0.58109403086767 0.4691431422913095 0.619689013671875 0.4852356308593751
7 0.6647816426781027 0.5172405190131896 0.65573252734375 0.473525302734375 0.6014123983375222 0.4847696509086854 0.610461513671875 0.5284848671875
7 0.5838266118908206 0.4966745650704115 0.5466572832031251 0.49079426171875007 0.5362832865466796 0.5563681732108386 0.5734526152343751 0.5622484765625001
7 0.604758067477887 0.5053567136466641 0.5775665878906251 0.49556778125000006 0.5571553192408633 0.552265751197086 0.5843467988281251 0.5620546835937501
7 0.49906101448752954 0.3708802831819611 0.47376805468750005 0.3248183046875 0.4617749636565516 0.33140379621953114 0.4870679234565811 0.37746577471399223
7 0.6720028414597325 0.6547392580468542 0.645109365234375 0.6058167597656251 0.6318580823683924 0.613101200937521 0.65875155859375 0.66202369921875
7 0.5006787679638806 0.6150812003864468 0.496038771484375 0.582812138671875 0.4491045015673695 0.5895608582073032 0.453744498046875 0.621829919921875
7 0.4178677723736176 0.7725933750292451 0.3940577558593751 0.76573077734375 0.3710913565326325 0.84541348239263 0.394901373046875 0.852276080078125
7 0.40873919425514293 0.7642660743800804 0.3889993027343751 0.7524684042968751 0.3562454170729823 0.8072722889011696 0.3759853085937501 0.8190699589843751
7 0.5377708685855067 0.6568956009482921 0.534950099609375 0.618815240234375 0.4912285454769933 0.6220538756142078 0.49404931445312505 0.660134236328125
7 0.6356561074827981 0.5751075331457857 0.617408265625 0.5557192011718751 0.574720601501577 0.5958958262292146 0.5929684433593752 0.6152841582031251
7 0.6645960156512942 0.7022256248544556 0.656286748046875 0.668988556640625 0.647903248020581 0.6710844317861694 0.656212515625 0.7043215
7 0.6190071277228766 0.761347305430034 0.609150291015625 0.7018933710937502 0.576983866102603 0.707226225872214 0.5868407028098545 0.7666801602084978
7 0.5631219594009033 0.56875220731746 0.5496575898437501 0.5382873671875 0.536615212793262 0.5440516312953169 0.5500795823504152 0.5745164714252768
7 0.6650001164286871 0.6096062987927491 0.6633752421875 0.5734979921875 0.6513664773213129 0.5740383867541259 0.6529913515625 0.610146693359375
7 0.45662239705341445 0.6498991624940482 0.4316887890625 0.64808946484375 0.4290994056809606 0.6837654078184517 0.454033013671875 0.68557510546875
7 0.4607927833812327 0.7217844335650093 0.45763025976562505 0.675483439453125 0.4222408025562674 0.6779006660443657 0.42540332617187504 0.7242016601562501
7 0.37167843769044184 0.8049417769364686 0.3666017339011015 0.7853330079351923 0.33284242511690965 0.7940732817799738 0.33791912890625 0.8136820507812501
7 0.3736900427353317 0.5586139364696603 0.35703983007812506 0.5408190195312499 0.3278220373427933 0.5681573018115896 0.3444722499999999 0.5859522187499999
7 0.3218813330327 0.6058911387417872 0.30957539669481443 0.6046728513899742 0.3052678038964895 0.648183902101312 0.31757374023437507 0.6494021894531251