0 0.425 0.04687500000000004 0.271875 0.04687500000000003 0.271875 0.2890625 0.425 0.2890625
0 0.36562500000000003 0.2640625 0.18750000000000006 0.2640625 0.18750000000000006 0.540625 0.3656250000000001 0.540625
0 0.4171875000000001 0.6875 0.22500000000000012 0.6875 0.22500000000000012 0.975 0.4171875000000001 0.975
0 0.6078125000000001 0.690625 0.4421875000000001 0.690625 0.4421875000000001 0.95 0.6078125000000002 0.95
0 0.8234375000000002 0.6640625 0.6265625 0.6640625 0.6265625000000001 0.9265625 0.8234375000000003 0.9265625
0 0.7203125 0.3906250000000001 0.5296875 0.3906250000000001 0.5296875 0.6875 0.7203125 0.6875
0 0.51875 0.40937500000000004 0.3203125 0.409375 0.32031250000000006 0.70625 0.51875 0.70625
0 0.8390625 0.03281250000000009 0.66875 0.032812500000000085 0.66875 0.2625000000000001 0.8390625 0.2625000000000001
0 0.909375 0.4843750000000001 0.746875 0.4843750000000001 0.746875 0.7046875000000001 0.909375 0.7046875000000002
0 0.5984375 0.03125000000000006 0.43125 0.031250000000000056 0.43125 0.23125000000000007 0.5984375 0.23125000000000007
0 0.5125 0.22500000000000006 0.365625 0.22500000000000006 0.365625 0.42656250000000007 0.5125 0.4265625000000001
0 0.6796875 0.19843750000000004 0.5109375 0.19843750000000004 0.5109375 0.3953125000000001 0.6796875 0.3953125000000001
0 0.8359375 0.27500000000000013 0.675 0.27500000000000013 0.675 0.51875 0.8359375 0.51875