2 0.9359375 0.4796875000000001 0.7546875 0.4796875000000001 0.7546875 0.7718750000000001 0.9359375 0.7718750000000002
2 0.9203125 0.12968750000000012 0.765625 0.12968750000000012 0.765625 0.4718750000000001 0.9203125 0.4718750000000001
2 0.7234375 0.08437500000000009 0.5796875 0.08437500000000009 0.5796875 0.2390625000000001 0.7234375 0.23906250000000012
2 0.7375 0.621875 0.5828125 0.621875 0.5828125 0.83125 0.7375 0.83125
2 0.5515625 0.6078125 0.3500000000000001 0.6078125 0.3500000000000001 0.765625 0.5515625 0.765625
2 0.2609375000000001 0.65625 0.11562500000000009 0.65625 0.1156250000000001 0.834375 0.2609375000000001 0.834375
2 0.3296875000000001 0.3375 0.13906250000000006 0.3375 0.13906250000000006 0.6234375 0.32968750000000013 0.6234375
2 0.3609375 0.07812500000000004 0.2140625 0.07812500000000003 0.21406250000000002 0.30625 0.3609375 0.30625
2 0.584375 0.032812500000000064 0.4171875 0.03281250000000006 0.4171875 0.22812500000000005 0.584375 0.22812500000000005
2 0.5421875 0.23593750000000005 0.3875 0.23593750000000005 0.3875 0.42656250000000007 0.5421875 0.4265625000000001
2 0.540625 0.41875000000000007 0.3859375 0.41875 0.38593750000000004 0.5953125 0.540625 0.5953125