0 0.6890625 0.3046875000000001 0.5796875 0.3046875000000001 0.5796875 0.4734375000000001 0.6890625 0.4734375000000001
0 0.5109375 0.18281250000000004 0.384375 0.18281250000000004 0.384375 0.39062500000000006 0.5109375 0.3906250000000001
0 0.2609375 0.021875000000000023 0.1390625 0.021875000000000012 0.13906250000000003 0.22968750000000002 0.2609375 0.22968750000000004
0 0.2281250000000001 0.6984375 0.11093750000000008 0.6984375 0.11093750000000009 0.8859375 0.2281250000000001 0.8859375
0 0.4265625000000001 0.7890625 0.3078125000000001 0.7890625 0.3078125000000001 0.9546875 0.4265625000000001 0.9546875
0 0.30625000000000013 0.4765625 0.20156250000000006 0.4765625 0.20156250000000006 0.66875 0.30625000000000013 0.66875
0 0.30000000000000004 0.3234375 0.16718750000000004 0.3234375 0.16718750000000004 0.465625 0.3000000000000001 0.465625
0 0.4484375000000001 0.5078125 0.3312500000000001 0.5078125 0.3312500000000001 0.64375 0.4484375000000001 0.64375
0 0.3890625000000001 0.6140625 0.2859375000000001 0.6140625 0.2859375000000001 0.7828125 0.3890625000000001 0.7828125
0 0.42187500000000006 0.334375 0.3140625 0.334375 0.3140625000000001 0.5265625 0.4218750000000001 0.5265625
0 0.503125 0.528125 0.4109375000000001 0.528125 0.4109375000000001 0.7125 0.503125 0.7125