3 0.40234375000000006 0.24414062500000003 0.14062500000000006 0.244140625 0.14062500000000006 0.6171875 0.4023437500000001 0.6171875
3 0.603515625 0.023437500000000045 0.1171875 0.023437500000000014 0.11718750000000001 0.26953125000000006 0.603515625 0.2695312500000001
3 0.7265625 0.19726562500000008 0.396484375 0.19726562500000006 0.39648437500000006 0.49804687500000006 0.7265625 0.4980468750000001
3 0.869140625 0.16210937500000008 0.568359375 0.16210937500000006 0.568359375 0.4433593750000001 0.869140625 0.4433593750000001
3 1 0.5371093750000001 0.599609375 0.537109375 0.599609375 0.8105468750000001 1 0.8105468750000002
3 0.8183593750000001 0.7421875 0.556640625 0.7421875 0.5566406250000001 1 0.8183593750000002 1
3 0.6074218750000001 0.802734375 0.2753906250000001 0.802734375 0.2753906250000001 1 0.6074218750000002 1
3 0.4707031250000001 0.765625 0.11132812500000008 0.765625 0.1113281250000001 0.99609375 0.4707031250000001 0.99609375
3 0.29101562500000006 0.4375 5.35782974626967e-17 0.4375 6.709246624235012e-17 0.658203125 0.2910156250000001 0.658203125
3 0.75 0.568359375 0.3769531250000001 0.568359375 0.3769531250000001 0.763671875 0.75 0.763671875
3 0.587890625 0.45117187500000006 0.26953125 0.451171875 0.26953125000000006 0.76171875 0.587890625 0.76171875
3 1 0.04882812500000011 0.83984375 0.0488281250000001 0.83984375 0.3261718750000001 1 0.3261718750000001
3 0.90234375 0.0507812500000001 0.646484375 0.05078125000000008 0.646484375 0.2500000000000001 0.90234375 0.2500000000000001
3 0.39453125 2.571279900553525e-17 0.025390625 3.1094547634600764e-18 0.025390625000000007 0.13867187500000003 0.39453125 0.13867187500000006
3 0.12695312500000003 0.09375000000000001 1.1481063742006436e-17 0.09375 2.391888279584674e-17 0.296875 0.12695312500000006 0.296875