9 0.1875 0.07226562500000003 0.134765625 0.07226562500000003 0.134765625 0.11718750000000003 0.1875 0.11718750000000003
9 0.38671875 0.042968750000000035 0.271484375 0.04296875000000003 0.271484375 0.13867187500000006 0.38671875 0.13867187500000006
9 0.505859375 0.10351562500000004 0.185546875 0.10351562500000003 0.18554687500000003 0.30664062500000006 0.505859375 0.3066406250000001
9 0.390625 0.287109375 0.25 0.287109375 0.25 0.44921875 0.390625 0.44921875
9 0.552734375 0.29687500000000006 0.37890625 0.296875 0.37890625000000006 0.47070312500000006 0.552734375 0.4707031250000001
9 0.6171875 0.46093750000000006 0.4218750000000001 0.4609375 0.4218750000000001 0.763671875 0.6171875 0.763671875
9 0.509765625 0.705078125 0.3593750000000001 0.705078125 0.3593750000000001 0.833984375 0.509765625 0.833984375
9 0.5546875000000001 0.826171875 0.4257812500000001 0.826171875 0.4257812500000001 0.916015625 0.5546875000000002 0.916015625
9 0.38671875000000006 0.408203125 0.275390625 0.408203125 0.27539062500000006 0.62109375 0.3867187500000001 0.62109375
9 0.3164062500000001 0.57421875 0.22851562500000006 0.57421875 0.22851562500000008 0.68359375 0.3164062500000001 0.68359375
9 0.3574218750000001 0.681640625 0.3183593750000001 0.681640625 0.3183593750000001 0.724609375 0.3574218750000001 0.724609375
9 0.3984375000000001 0.56640625 0.3417968750000001 0.56640625 0.3417968750000001 0.638671875 0.3984375000000001 0.638671875