9 0.146484375 9.208769876400995e-18 0.00390625 4.783776559169348e-19 0.003906250000000013 0.21875 0.146484375 0.21875
9 0.33203125 0.04882812500000003 0.130859375 0.048828125000000014 0.13085937500000003 0.41796875 0.33203125 0.41796875
9 0.55859375 0.47265625000000006 0.2929687500000001 0.47265625 0.2929687500000001 0.732421875 0.55859375 0.732421875
9 0.818359375 0.4101562500000001 0.560546875 0.4101562500000001 0.560546875 0.74609375 0.818359375 0.74609375
9 0.912109375 0.2109375000000001 0.7421875 0.2109375000000001 0.7421875 0.4335937500000001 0.912109375 0.4335937500000001
9 0.7734375 0.22656250000000008 0.564453125 0.22656250000000006 0.564453125 0.4609375000000001 0.7734375 0.4609375000000001
9 0.423828125 0.13867187500000006 0.306640625 0.13867187500000006 0.306640625 0.26953125 0.423828125 0.26953125
9 0.43359375000000006 0.24414062500000006 0.25390625 0.24414062500000006 0.25390625000000006 0.513671875 0.4335937500000001 0.513671875
9 0.541015625 0.17773437500000006 0.3984375 0.17773437500000006 0.39843750000000006 0.47070312500000006 0.541015625 0.4707031250000001
9 0.59375 0.22460937500000006 0.4921875 0.22460937500000006 0.4921875 0.4101562500000001 0.59375 0.4101562500000001
9 1 0.1718750000000001 0.9296875 0.1718750000000001 0.9296875 0.2832031250000001 1 0.2832031250000001