7 0.201171875 1.2318224639861072e-17 0 0 1.0045930774255631e-17 0.1640625 0.201171875 0.1640625
7 0.30078125 0.12304687500000001 0.054687500000000014 0.123046875 0.05468750000000003 0.37109375 0.30078125 0.37109375
7 0.505859375 0.26367187500000006 0.15039062500000006 0.263671875 0.15039062500000006 0.50390625 0.505859375 0.50390625
7 0.568359375 0.44531250000000006 0.392578125 0.4453125 0.39257812500000006 0.591796875 0.568359375 0.591796875
7 0.703125 0.4140625000000001 0.515625 0.4140625000000001 0.515625 0.630859375 0.703125 0.630859375
7 0.578125 0.5625 0.4570312500000001 0.5625 0.4570312500000001 0.72265625 0.578125 0.72265625
7 0.4687500000000001 0.70703125 0.3203125000000001 0.70703125 0.3203125000000001 0.837890625 0.4687500000000001 0.837890625
7 0.6328125000000001 0.861328125 0.505859375 0.861328125 0.5058593750000001 0.98828125 0.6328125000000002 0.98828125
7 0.8281250000000001 0.80078125 0.6328125 0.80078125 0.6328125000000001 1 0.8281250000000002 1
7 0.9492187500000001 0.6640625000000001 0.791015625 0.6640625 0.7910156250000001 0.9101562500000001 0.9492187500000002 0.9101562500000002
7 0.826171875 0.5703125 0.625 0.5703125 0.625 0.8125 0.826171875 0.8125
7 0.85546875 0.3085937500000001 0.728515625 0.3085937500000001 0.728515625 0.4804687500000001 0.85546875 0.4804687500000001
7 0.67578125 0.0019531250000000677 0.431640625 0.001953125000000053 0.431640625 0.29101562500000006 0.67578125 0.2910156250000001