7 0.5913832027925064 0.7019283732713196 0.566985904296875 0.59039786328125 0.5008577073637436 0.6048634060255552 0.525255005859375 0.7163939160156249
7 0.528125 0.58472222265625 0.4851562500000001 0.58472222265625 0.4851562500000001 0.653125 0.528125 0.653125
7 0.4812853532296154 0.6821276114180825 0.4400390625 0.658926572265625 0.39840214677038477 0.7329477538162926 0.43964843750000016 0.7561487929687503
7 0.49513019986351403 0.7066415751150161 0.465096455078125 0.6960546796875001 0.445281089198986 0.7522684815256089 0.475314833984375 0.762855376953125
7 0.516796875 0.658333333984375 0.4710937500000001 0.658333333984375 0.4710937500000001 0.71909722265625 0.516796875 0.71909722265625
7 0.52734375 0.742361111328125 0.4925781250000001 0.742361111328125 0.4925781250000001 0.827083333984375 0.52734375 0.827083333984375
7 0.49481405643317833 0.8135008194550905 0.4903418671875 0.744596005859375 0.4574575548949466 0.7467303250761594 0.46192974414062493 0.8156351386718749
7 0.48222197870100625 0.8457925971964565 0.47557091406249996 0.7866720078124998 0.4374595115333687 0.7909595395222931 0.444110576171875 0.8500801289062498
7 0.47043852550904985 0.7422602435025453 0.4389453125 0.73340277734375 0.4198739744909502 0.8012119791537047 0.45136718750000004 0.8100694453124999
7 0.43971001697363865 0.7085046746142578 0.40676534570312506 0.627159802734375 0.37119372871577794 0.6415663068092629 0.4041383999862916 0.7229111786891457
7 0.40683319664812767 0.5958846535894513 0.3770486855468751 0.5855746308593751 0.3556701568674974 0.6473348268792989 0.38545466796875 0.6576448496093751
7 0.41721361104339355 0.3965265398492483 0.307094609375 0.32039488476562505 0.25894569755035635 0.3900388468695018 0.3690646992187499 0.46617050195312504
7 0.5126913632794173 0.33660762627742413 0.45306185156250006 0.3295872910156251 0.43497885156433286 0.48318116083195106 0.49460836328125013 0.4902014960937501
7 0.5986141455042076 0.354845750025133 0.5202293476562501 0.3504366054687501 0.5150267900426676 0.44292652536549215 0.5934115878906251 0.44733566992187507
7 0.3739019449972275 0.6854850198877194 0.367035060546875 0.595147357421875 0.31925371125277247 0.5987793863622806 0.32612059570312496 0.689117048828125
7 0.3794904118759521 0.8383476593420736 0.35604385742187505 0.74536303515625 0.3166443342177979 0.7552978289391765 0.340090888671875 0.8482824531250001
7 0.43220348505835604 0.7886257364859687 0.3748738789062501 0.786207142578125 0.3718393254885191 0.8581372635140313 0.42916893164062503 0.860555857421875
7 0.31289936906262616 0.687689970684882 0.310815275390625 0.6148239023437501 0.25696631843737383 0.616364074236993 0.25905041210937496 0.689230142578125
7 0.3336110090752754 0.5968777812281432 0.30718478906250013 0.5921480878906252 0.29538172139347485 0.6580953789281072 0.32180794140625013 0.6628250722656251
7 0.38241485772004047 0.7331377894389777 0.3602324425558976 0.6908525609683714 0.29301313952335717 0.7261151465293939 0.31519555468750005 0.7684003750000001
7 0.4486281032730335 0.7002722412048866 0.3659017578125 0.6788354277343749 0.3295528342269666 0.8191087763732383 0.41227917968750005 0.84054558984375
7 0.3261889222681723 0.5293775129945829 0.2966590078125 0.5256862734375001 0.2849002320287027 0.6197564733335421 0.314430146484375 0.6234477128906251
7 0.29731503120704533 0.7400823170967055 0.28870957421875 0.6851873789062499 0.2690967715273297 0.6882619270439193 0.277702228515625 0.7431568652343749
7 0.3070393039861055 0.7937893752546722 0.29936866796874995 0.7308508183593749 0.2690315202326444 0.7345481579484527 0.27670215625 0.79748671484375
7 0.31976911679755615 0.7781870815630745 0.31640431640624994 0.7183683984375001 0.2961169437493188 0.7195095629681756 0.299481744140625 0.77932824609375
7 0.3341732593784699 0.7195985965114255 0.30980877734375 0.6657834433593751 0.28439651796528004 0.6772886886448246 0.30876099999999995 0.731103841796875
7 0.3155467596463156 0.7286803499727409 0.29316406249999993 0.688888888671875 0.27625011535368427 0.6984029840116343 0.29863281249999996 0.7381944453125001
7 0.3831908732187985 0.4940519820781398 0.3271810996093751 0.4880250507812501 0.3144910720937017 0.6059566370624854 0.37050084570312514 0.6119835683593751
7 0.45170841037699333 0.5190294664786842 0.38932418164062504 0.49423374609375004 0.3423102751698817 0.6125173147713159 0.40469450390625 0.63731303515625
7 0.3354138630629674 0.4497244957030357 0.27658299610415915 0.4454181795452967 0.2709210920255668 0.522768451420386 0.32975195898437504 0.527074767578125
7 0.35991209784337486 0.43082810290846263 0.3384859502970524 0.4175397709418167 0.3088032430786775 0.46540025983022915 0.330229390625 0.47868859179687506
7 0.4942499731943601 0.576752700742092 0.44775606640625 0.46149440625 0.390067595438354 0.48476529016988984 0.43656150222646406 0.6000235846619819
7 0.521684222788834 0.5694978875425206 0.49612896289062497 0.514144923828125 0.41721661705491603 0.5505770382387294 0.44277187695312503 0.605930001953125
7 0.3496093750000001 0.5625 0.3156250000000001 0.5625 0.3156250000000001 0.5975694453125 0.3496093750000001 0.5975694453125
7 0.6108009408115728 0.6645804850871371 0.5741201268436084 0.6625171894469648 0.5714488266570357 0.7100069738910777 0.6081296406250001 0.71207026953125
7 0.6381754266964489 0.5656046876599133 0.5981009355468749 0.4902900917968749 0.5681019795535511 0.5062523748400866 0.608176470703125 0.581566970703125
7 0.5947653856682844 0.4992059189627882 0.5869493007812498 0.4517703710937502 0.5565714092535904 0.45677581931846206 0.5643874941406248 0.5042113671875001
7 0.6018933016176369 0.4883110309993933 0.5829738515625001 0.4773994179687501 0.5526509718198631 0.5299757150943568 0.5715704218749998 0.540887328125
7 0.640481936382591 0.606298653335272 0.60580724609375 0.5740089960937501 0.591260864398659 0.5896298271334781 0.6259355546875 0.621919484375
7 0.6369000545826292 0.6664649245371047 0.63330928125 0.5985666582031252 0.5849136504954957 0.6011260422597704 0.588504423828125 0.66902430859375
7 0.6166273529971645 0.7240639046666956 0.5886017539062499 0.701482466796875 0.5488239321590854 0.7508503277551796 0.57684953125 0.7734317656250002
7 0.6183858804166844 0.7123760303615533 0.5958984373904832 0.7111111113219646 0.5929035686925489 0.7643532059604115 0.61539101171875 0.7656181250000001
7 0.5988274793973054 0.665919830922463 0.584862703125 0.6056274648437499 0.5664785479464446 0.6098855597025369 0.5804433242187499 0.67017792578125
7 0.6098207505272999 0.6157525638647968 0.598124935546875 0.5230381230468751 0.5580355541602001 0.5280953501977033 0.5697313691406249 0.620809791015625
7 0.6088447032861265 0.6133257497824768 0.6011361484375 0.5718267832031251 0.5752959701913002 0.5766266721576666 0.5830045250399267 0.6181256387370183
7 0.4913402941007949 0.4620912827072158 0.44151556054687496 0.30924717968750004 0.36759340121170503 0.33334462158965933 0.41741813476562495 0.48618872460937507
7 0.40795644028775785 0.3242761061175267 0.3497573828125 0.31554440820312507 0.33165058705599226 0.43623095247622345 0.38984964453125004 0.4449626503906251
7 0.5298572622106708 0.398877486114798 0.5227575722656249 0.33006447656250004 0.4907369780237041 0.3333681584164522 0.4978366679687499 0.4021811679687501