7 0.5370090928664415 0.6881986974458367 0.5243598320312501 0.615738732421875 0.49373334853980866 0.6210851658354134 0.506382609375 0.693545130859375
7 0.5667899814479639 0.7385661764228649 0.5385546875 0.7306250000000001 0.5206318935520361 0.7943504895927602 0.5488671875 0.8022916660156251
7 0.4376362902808954 0.7349072352375277 0.39943480273437504 0.7334746796875001 0.39616659839097973 0.8206268096843475 0.4343680859375001 0.8220593652343751
7 0.4051445861333492 0.7315946537234085 0.3817352089843751 0.7283533554687501 0.372692218554151 0.7936638443234666 0.39610159570312514 0.796905142578125
7 0.39041135730908666 0.7231194382758255 0.36384003320312513 0.7150994355468752 0.3462754571440386 0.7732931867241748 0.37284678125000015 0.7813131894531251
7 0.4003971731790908 0.821185425156298 0.39641434765625 0.765425861328125 0.35980179166465914 0.768041043593702 0.36378461718749994 0.823800607421875
7 0.45600312535598386 0.5853309646249802 0.4258501182969233 0.5680051440464617 0.38070337965968953 0.6465763102808566 0.4108563867187501 0.6639021308593749
7 0.4348434767875007 0.6485720091358574 0.39521316406249996 0.6387220332031252 0.3761859353218743 0.7152760299266427 0.415816248046875 0.725126005859375
7 0.4263186565930214 0.7276164569629111 0.37998454882812505 0.6857969511718751 0.3567998601083048 0.7114845303366675 0.4031339678732011 0.7533040361277035
7 0.4491369224345953 0.3351281354850136 0.39519784375 0.32519844140625004 0.3669351556904047 0.4787241535774864 0.420874234375 0.48865384765625
7 0.4052795347639383 0.671543874623979 0.3720191221006587 0.6457076613743676 0.3229868451492204 0.7088296734691387 0.3562472578125 0.7346658867187501
7 0.6340691869365397 0.6517447745690041 0.5945570585937499 0.571584220703125 0.5600651911951741 0.5885856887033993 0.5995773195379639 0.6687462425692785
7 0.6171400100509695 0.7121908404336154 0.61487794921875 0.6478477617187499 0.5864462926148257 0.6488473119125455 0.5887083534470452 0.713190390627411
7 0.6074882173780001 0.7370391815871536 0.5659162714843751 0.7278085683593751 0.54993108340325 0.7998011172409718 0.591503029296875 0.8090317304687502
7 0.5860407813533669 0.6867802590398239 0.58570740625 0.6162528535156251 0.529461945209133 0.6165187194758012 0.5297953203125 0.687046125
7 0.585382197626749 0.7484176895674284 0.56454153125 0.676001630859375 0.5297168902638759 0.6860238377763217 0.5505575566406249 0.758439896484375
7 0.6153143545929087 0.6752050352065102 0.5859374999999999 0.6586805546875 0.5546075204070913 0.7143782968247399 0.583984375 0.7309027773437501
7 0.37199855623487543 0.7512030848017217 0.33469457812500003 0.746656662109375 0.3261555863432497 0.8167201788701534 0.3634595644531251 0.8212666015625001
7 0.3527618787172745 0.45882019873785634 0.3299442812500001 0.4505488203125001 0.31521695722022564 0.4911759243090188 0.3380345546875001 0.49944730273437504
7 0.6093450678646489 0.7453211500686165 0.591981132764762 0.7448964882800826 0.5905886000563633 0.8018355589145911 0.6079525351562501 0.8022602207031251
7 0.6151327712413733 0.7504960702955732 0.614660810546875 0.70602683984375 0.5826036896961266 0.7063670683763019 0.5830756503906249 0.7508362988281251
7 0.6329460544604519 0.699696226254505 0.6112389882812501 0.6975414804687501 0.6048134865551734 0.7622724534329952 0.6265205527343751 0.7644271992187501
7 0.5731866286110995 0.6205356949202093 0.5704746464843748 0.5854494238281249 0.5318222151389004 0.5884370511735405 0.534534197265625 0.6235233222656249
7 0.6066044336095402 0.5676915211528896 0.5850639930555986 0.5484243037169797 0.5443986961648084 0.5938874544390902 0.56593913671875 0.6131546718750001
7 0.5085253301462824 0.609000975783806 0.45138045898437507 0.584000091796875 0.3992245643849677 0.703213551559944 0.45636943554687504 0.7282144355468749
7 0.5751496226413613 0.6029389127996493 0.532960310546875 0.514578955078125 0.48452666251488863 0.5377046145441007 0.526715974609375 0.626064572265625
7 0.5939777673930865 0.5814624708675292 0.5756177734374999 0.49137609960937506 0.5349736017475384 0.4996595584293458 0.5533335957031249 0.5897459296875001
7 0.6229921996870368 0.40374757487871193 0.50654392578125 0.3400493828125001 0.4680621534560832 0.41039888283352377 0.58451042736187 0.4740970748997356
7 0.5118657985799014 0.37813191808544 0.48354367773437507 0.36591072851562506 0.45620755102947363 0.4292611151176851 0.48452967187500007 0.44148230468750005
7 0.516868437665825 0.34526429997136576 0.46463041210937506 0.31936663476562505 0.41638193928730016 0.41668834065363436 0.4686199648437501 0.4425860058593751
7 0.39354887828745 0.7654648270236276 0.33897473828125013 0.648069783203125 0.27399361424713176 0.6782779491136085 0.3285677542533316 0.7956729929341111
7 0.3376511612710369 0.7533380269173248 0.321589451171875 0.749631478515625 0.31327583286958816 0.7856571586295502 0.32933754296875006 0.78936370703125
7 0.37732299216476484 0.6706412575261058 0.37057944921875 0.6160934785156251 0.33832456817368833 0.6200810318036183 0.34506811111970315 0.674628810814099
7 0.42845489736208975 0.5864258407445659 0.410624099609375 0.5054917324218748 0.36614851474728527 0.5152902608179342 0.3839793125 0.5962243691406252
7 0.42808083906589267 0.5561395963766372 0.34904205468750005 0.460179224609375 0.2981467496141864 0.5020996858318328 0.37718553399257904 0.5980600575990951
7 0.396289433605136 0.5829159006410538 0.31981010742187505 0.512776130859375 0.2857923359261142 0.5498685856870713 0.3622716621093751 0.6200083554687501
7 0.34180574723618584 0.6537338730859413 0.34014861328125007 0.5815564121093751 0.3094340047179682 0.5822615937557523 0.311091138672904 0.6544390547323184
7 0.365625399183396 0.6285551385430813 0.33778632031250005 0.5834823457031251 0.31790016830275974 0.5957649694181352 0.3457392471736557 0.6408377622580914
7 0.42414026920567205 0.4496943414130795 0.35489717578125 0.324133537109375 0.29263351595057796 0.35847011561817055 0.361876609375 0.4840309199218751
7 0.3463429181000816 0.4889458175408734 0.33067177148437493 0.47964107421875 0.29521041979054335 0.5393654558966267 0.31088156640625003 0.54867019921875
7 0.3226501735101799 0.5766858339340432 0.30828582617187505 0.5732579785156251 0.2959419260991953 0.624984800831582 0.3103062734375001 0.6284126562500001
7 0.32820378119525206 0.6154198139154785 0.304148375 0.5985058574218751 0.2705980723203729 0.6462218462407716 0.2946534785156249 0.663135802734375
7 0.60938481859956 0.4655561700040311 0.55888919921875 0.45007858593749994 0.5468254857084328 0.4894364523278608 0.5973211050892427 0.504914036394392
7 0.6143690331482081 0.5617087560151506 0.58805952734375 0.496227322265625 0.5672916856017919 0.5045715447660994 0.59360119140625 0.570052978515625
7 0.5424694307712344 0.4281866648467021 0.49400358789062504 0.3228781601562499 0.4675242394920225 0.33506467769194087 0.515990082372632 0.44037318238239304
7 0.3621931693985839 0.43909828058393546 0.3153590527343749 0.3887220878906251 0.294455152867041 0.40815618230668976 0.34128926953125 0.4585323750000001
7 0.40464380904940206 0.33755782265604695 0.3796124375 0.32589141601562505 0.3586595620443479 0.37084777890645315 0.38369093359374995 0.382514185546875
7 0.3420767791957801 0.6454750819520606 0.3164609375000001 0.6434166660156251 0.3136029083042201 0.6789832500791896 0.3392187500000001 0.6810416660156251