5 0.5705392807937236 0.6193274928252483 0.5685307617187502 0.54553297265625 0.5169497699875265 0.5469368899872517 0.5189582890625 0.62073141015625
5 0.5533473620893594 0.668017904287158 0.515463857421875 0.5853242363281251 0.48260156955126543 0.6003790605565921 0.5204850742187499 0.683072728515625
5 0.5673813385613207 0.7291588056603774 0.5521875 0.648125 0.5099233489386792 0.6560495283239975 0.5251171874999998 0.737083333984375
5 0.4569354577426276 0.637480114243873 0.38697740606848985 0.6309215468579835 0.37602484481023724 0.7477488662078605 0.445982896484375 0.75430743359375
5 0.4496863300981275 0.8290839719839982 0.441285177734375 0.733870908203125 0.3848921171674975 0.7388467662972517 0.39329326953125 0.8340598300781249
5 0.48789062500000013 0.777083333984375 0.4343750000000001 0.777083333984375 0.4343750000000001 0.871875 0.48789062500000013 0.871875
5 0.5402530094212032 0.8221476819251674 0.4878020292968751 0.8090349375000002 0.46075375620379705 0.917228034871708 0.5132047363281251 0.9303407792968752
5 0.5578125000000002 0.8243055546875 0.519140625 0.8243055546875 0.5191406250000001 0.914236111328125 0.5578125000000003 0.914236111328125
5 0.4431487517112511 0.8823581915404102 0.4341684765625 0.814697275390625 0.39666636160380925 0.8196747325424553 0.4056466367525603 0.8873356486922405
5 0.4496196315090536 0.5821988995983755 0.448359732421875 0.5082849140625 0.3822922806003214 0.5094110652453745 0.3835521796875 0.58332505078125
5 0.4875000000000001 0.48680555468750003 0.4398437500000001 0.4868055546875 0.4398437500000001 0.5461805546875 0.4875000000000001 0.5461805546875
5 0.4983795903373441 0.6110028960982185 0.49033011914062496 0.5328473554687498 0.4376484055573591 0.5382732015785318 0.44569787675407824 0.6164287422080004
5 0.616796875 0.4993055546875001 0.573046875 0.4993055546875001 0.573046875 0.564236111328125 0.616796875 0.564236111328125
5 0.6490719642274447 0.5219155810045885 0.613564302734375 0.5123632480468752 0.5925127721006804 0.5906154014172867 0.6280204335937501 0.600167734375
5 0.6482483693199033 0.5231680849634739 0.612654564453125 0.48041276562500007 0.5968455056800966 0.4935738076146513 0.632439310546875 0.5363291269531251
5 0.6145738301462897 0.5006098723206431 0.6125537695312498 0.45802824999999997 0.5799370389018875 0.4595755788556175 0.5819570995169274 0.5021572011762607
5 0.649752873763269 0.4556306865804125 0.6253050078125 0.3600123671875 0.569473366471106 0.3742875028727125 0.593921232421875 0.469905822265625
5 0.6012730275365153 0.6465490548757926 0.59308155859375 0.5752689140625 0.5525922517603598 0.5799219197335825 0.560783720703125 0.6512020605468751
5 0.623391026484101 0.7356697666664864 0.615490525390625 0.63534596875 0.552397424687774 0.6403145516928888 0.56029792578125 0.7406383496093751
5 0.6417329703292413 0.7581151407327205 0.624937986328125 0.6877361660156249 0.5968220218582587 0.6944456580954046 0.613617005859375 0.7648246328124999
5 0.6066001487762656 0.7539633603112599 0.5700390625 0.7436805546875 0.5476967262237343 0.8231199717199904 0.5842578125 0.8334027773437502
5 0.608203125 0.72777777734375 0.58125 0.72777777734375 0.58125 0.773958333984375 0.608203125 0.773958333984375
5 0.6184648150358052 0.7684818135590176 0.5917570800781249 0.7618716484375001 0.5726911419954449 0.8389057333159826 0.5993988769531251 0.8455158984375001
5 0.5717679512170445 0.796065874195604 0.5679055253906249 0.7251116835937501 0.5381800995642054 0.7267298015856462 0.542042525390625 0.7976839921875001
5 0.5590052809573048 0.7773232588040707 0.516082498046875 0.7651021875000001 0.49281163115207016 0.8468340048678046 0.5357344140625 0.8590550761718752
5 0.36715747199033527 0.8299794790327375 0.34194249218749995 0.7211148085937499 0.29093354949403966 0.7329293803422624 0.316148529296875 0.84179405078125
5 0.40876856159224517 0.5511242521164604 0.37399717219821604 0.5356401184148063 0.3352073918559709 0.622746997157721 0.36997878125000006 0.6382311308593751
5 0.4073230816314404 0.6934867385392669 0.36002766015625 0.6259852910156248 0.32296581250766787 0.651952966813615 0.37026123398285826 0.7194544143372571
5 0.4221156126674608 0.7715506039569044 0.37943992773437507 0.6920116953125001 0.33731249280128933 0.7146146851055957 0.37998817773437504 0.79415359375
5 0.37804106800793635 0.7919196937269387 0.36346748632812503 0.7152734511718751 0.3358671839451887 0.7205213961168114 0.35044076562500004 0.797167638671875
5 0.4753465654323001 0.6127904488010648 0.4444029375 0.5942242714843751 0.4071183525364499 0.6563652445583101 0.43806198046875 0.674931421875
5 0.459890476697862 0.61799219176598 0.435419478515625 0.55899960546875 0.35607122642713795 0.5919144351871451 0.380542224609375 0.6509070214843751
5 0.5583984997547243 0.34264939491488744 0.538917216796875 0.29120147265624996 0.45571972290152585 0.32270505625698764 0.4752010058593751 0.37415297851562507
5 0.5410854628259116 0.7512278993386972 0.517728365234375 0.6889423085937502 0.48325347858033846 0.701870391676928 0.506610576171875 0.7641559824218751
5 0.5544169014693925 0.7797109055014713 0.533223048828125 0.7289275722656252 0.5091519422806075 0.7389733777016542 0.530345794921875 0.7897567109375002
5 0.5417926030785887 0.7140942364432028 0.4879437910156251 0.6150040234375 0.43511849848391143 0.6437109881661722 0.48896731054687503 0.742801201171875
5 0.4159407156749638 0.9031324765621501 0.40612574218749997 0.82499201953125 0.36019535073128617 0.830761189453475 0.37001032421875 0.9089016464843751
5 0.40191593144220367 0.7653932258892915 0.3562042304687501 0.7639239218750001 0.35350863887029654 0.8477868092669588 0.3992203398437501 0.8492561132812502
5 0.36833176434692244 0.736806763975557 0.34575700390625 0.643163314453125 0.2876045950280775 0.6571821989150681 0.3101793554687499 0.7508256484375001
5 0.314251556074072 0.7611043520563608 0.30214843750000003 0.7194444453125 0.2864966275196781 0.7239916401311393 0.29859974609375006 0.7656515468750001
5 0.3641859295718595 0.6392331357056763 0.3546203125 0.5849373867187501 0.28513755480314046 0.5971785928099488 0.294703171875 0.651474341796875
5 0.36809774139996043 0.5837868588324779 0.35112885546875006 0.5387411640625 0.2769430828187896 0.5666872290581472 0.29391196875 0.611732923828125
5 0.3417426565561906 0.63923824299165 0.320516494140625 0.6238105195312501 0.2800477926625594 0.6794891964614751 0.30127395507812504 0.694916919921875
5 0.42191644137064893 0.5217267257713024 0.41008042382812493 0.46810405664062493 0.37427542581685097 0.4760072175880726 0.386111443359375 0.52962988671875
5 0.6257528383427842 0.6833808809938289 0.60478579296875 0.5988914531250001 0.5844720049506424 0.6039325585726003 0.6054390503246767 0.688421986441429
5 0.6205891515558176 0.5904267536884016 0.5687353789062501 0.5397252890625 0.5485061121160575 0.5604143127178484 0.600359884765625 0.61111577734375
5 0.5558403624976203 0.5541007225458683 0.499841908203125 0.411882419921875 0.43985000988343925 0.43550422888817164 0.4958484641779345 0.5777225315121649
5 0.4926077356979288 0.49459379891171457 0.42585276367187497 0.38940414453125005 0.3691558688872033 0.425384865711543 0.43591084091325716 0.5305745200920076
5 0.6393377513973686 0.3678586993664127 0.5772864707031249 0.29360247851562504 0.4454745943057563 0.40374942172733747 0.5075258749999999 0.4780056425781251
5 0.46195226751561824 0.31637516421177647 0.396814294921875 0.29831313867187503 0.3670644238906317 0.40560156430384864 0.432202396484375 0.4236635898437501
5 0.41377575230207325 0.4705880233313914 0.3557354062500001 0.34160947851562495 0.30622582777605184 0.36388878916860856 0.364266173828125 0.492867333984375
5 0.3730682329367314 0.4449426016007477 0.2986782754498165 0.43179152114955466 0.2779345132162101 0.5491299859550569 0.3523244707031251 0.5622810664062501
5 0.4228954195146756 0.3945850349989023 0.37310086523437513 0.38058031640625 0.3450633851728247 0.48026913296984786 0.3948579394531251 0.49427385156250003
5 0.4891374488684009 0.42264029738153974 0.484951203125 0.35566036328125 0.4274134905847241 0.35925647019658524 0.431599736328125 0.426236404296875
5 0.5244396097762194 0.7406734581730309 0.4770718183593752 0.7298491777343751 0.45924680233315573 0.8078526668269693 0.50661459375 0.8186769472656251
5 0.47637282880100307 0.7825417095671788 0.4627398925781251 0.7212380468750001 0.4334212977382468 0.7277580248998605 0.44705423396112487 0.7890616875920392
5 0.4801852074464492 0.6849093717739727 0.4531827540164777 0.6783055112680414 0.43667252703877857 0.7458139988690687 0.4636749804687501 0.752417859375
5 0.34963281249452227 0.4556944439428345 0.3490234375 0.425 0.3214653652398527 0.4255471087915405 0.322074740234375 0.456241552734375
5 0.5839859276311793 0.43733415462279596 0.5826652128906251 0.4011759140625 0.5500788165094458 0.40236616373657913 0.55139953125 0.43852440429687506
5 0.3811504921827551 0.3525788309902174 0.35584526953125006 0.35151657812500003 0.35455699414537006 0.3822061592441577 0.3798622167968751 0.38326841210937507