5 0.4984922496844961 0.5483928895415491 0.45059641601562506 0.5354834648437501 0.424385992503004 0.632727928817826 0.4722818261718751 0.6456373535156251
5 0.5192003234501418 0.6522483290023173 0.5180057011718749 0.58641141015625 0.4768524148311082 0.5871581436539326 0.478047037109375 0.6529950625
5 0.5616618554884711 0.6766798142951262 0.5243677578125 0.6199879843750001 0.4991324179490289 0.636588775548624 0.5364265156250001 0.6932806054687501
5 0.5679421458297474 0.6928996963404516 0.5560167031249998 0.605740900390625 0.5231542975655198 0.6102372765781225 0.5350797402702673 0.6973960725279491
5 0.5745358938024903 0.49646586733824016 0.5191184492187503 0.4923095585937501 0.5128856394006351 0.5754136814898851 0.5683030839843751 0.5795699902343752
5 0.6210786289817649 0.591353467315801 0.6188922714843751 0.5159484453125 0.5657998240866522 0.5174878529983397 0.567986181584042 0.5928928750016407
5 0.6504781392762145 0.5477250252952713 0.606640625 0.46979166601562516 0.5766702982237856 0.48664997470472904 0.6205078125 0.5645833339843752
5 0.4578038928234216 0.6706890296565492 0.4317859960937501 0.5843481582031251 0.3889154763172036 0.5972667301090762 0.41493337304687505 0.6836076015625002
5 0.426455256445898 0.7115915453860107 0.39269181054687496 0.61298084375 0.3344849369134768 0.6329103706296144 0.3682483828124999 0.7315210722656251
5 0.39163145926606924 0.6055769197130197 0.3896026542968751 0.5334415703125 0.3397787829229746 0.5348428654981184 0.34180758789216875 0.6069782148986382
5 0.5431347240289808 0.7587765030155385 0.52267038671875 0.6358675605468749 0.4500218674514708 0.6479635380527708 0.47048620476170167 0.7708724805214344
5 0.5352367025965044 0.8403602077507776 0.5036058203125 0.7537797343749999 0.45992337748162065 0.7697384621710973 0.491554259765625 0.856318935546875
5 0.5729315398626076 0.8008615048491632 0.5398558828125 0.711259716796875 0.489760705596627 0.7297518801506873 0.5228363626467345 0.8193536682029754
5 0.6359870007320866 0.7410611982995156 0.54837970703125 0.67998421875 0.5102617756953671 0.7346596272335472 0.5978690693962037 0.7957366067830627
5 0.4561609919486365 0.7743820502700635 0.407090212890625 0.759047431640625 0.37763912719198856 0.8532909048080617 0.42670990625000005 0.8686255234375001
5 0.4580686876019384 0.7863743858964161 0.438165498046875 0.726494705078125 0.4068746620074366 0.736895352384834 0.42677785156250003 0.796775033203125
5 0.4894812956951551 0.7385337384627102 0.450666435546875 0.7325107421875001 0.43857938985172 0.81040502716229 0.4773942500000001 0.8164280234375001
5 0.48160471931791893 0.7362484251029211 0.45463891015625013 0.641822701171875 0.4114818646664562 0.654147358100204 0.438447673828125 0.7485730820312501
5 0.4908321022294323 0.6663135285820688 0.45560053124999994 0.6148145410156252 0.43315554139163054 0.6301696439156099 0.4683871123710629 0.6816686314820536
5 0.4796243991515837 0.925817307660492 0.44941406250000004 0.8184027773437499 0.3878756008484163 0.8357104696832578 0.41808593750000006 0.9431249999999999
5 0.43545128441127023 0.9039687731544759 0.3875113046875 0.802926888671875 0.33432726051060485 0.8281604045798991 0.3822672402343751 0.9292022890625
5 0.5859775057617065 0.8374332330159404 0.5851767304687501 0.7762184687499999 0.5620520547851685 0.7765209720621845 0.562852830078125 0.837735736328125
5 0.6624997795831725 0.38658542668028417 0.6094724988788661 0.3409050205185731 0.5250201821863186 0.43893997860391404 0.578047462890625 0.48462038476562513
5 0.5817022614841353 0.35524696628095065 0.5473074804687501 0.3496391210937501 0.5332260314846149 0.4360053345002996 0.5676208125000001 0.44161317968750013
5 0.5072782785843963 0.33793717880417773 0.49637208593749993 0.2915858574218749 0.4116835143843535 0.3115125790083222 0.42258970703125 0.357863900390625
5 0.42194610419679207 0.7359783041153702 0.3800100957031251 0.7212351757812503 0.35192152275633315 0.8011315591658803 0.3938575312500001 0.8158746875000003
5 0.454435156194492 0.707569215940948 0.42066516015625005 0.677971384765625 0.37000399028988307 0.7357738465590521 0.403773986328125 0.7653716777343751
5 0.4782958422154838 0.49308050441033235 0.3715495820312501 0.41832218359375006 0.3247894116907664 0.4850903139490429 0.43153567187500014 0.5598486347656251
5 0.3938019972432555 0.7639784356758926 0.3494848998120489 0.7494368884820296 0.31410967600629347 0.857247097337387 0.35842677343750007 0.87178864453125
5 0.34727928426547594 0.8047081633171712 0.341373197265625 0.720710470703125 0.28578862393764903 0.724618760510954 0.2916947109375 0.8086164531250002
5 0.34700858823426733 0.6251157032904374 0.34636677539062505 0.5662696015625001 0.2868764020001078 0.5669184412408127 0.28751821484375006 0.6257645429687501
5 0.3557779156497325 0.575343890947492 0.35060537500000005 0.5039009433593751 0.3010315412408468 0.5074901383595678 0.30620408189057924 0.5789330859476848
5 0.35473399265336514 0.5020679223523635 0.34253646875 0.47060146484375004 0.3012824546122598 0.48659299561638647 0.313479978515625 0.518059453125
5 0.32986892841885745 0.46174043458690617 0.30750231640625 0.4526298964843751 0.2809479114248925 0.517821663069344 0.3033145234375 0.5269322011718751
5 0.35010396064014065 0.4137002632811187 0.348848275390625 0.38050308007812494 0.2938841272504844 0.38258210195325626 0.29513981250000004 0.41577928515625
5 0.37038870523385997 0.41899732874889023 0.3476689131481014 0.38621415102433254 0.28523648916424144 0.42948182032231724 0.30795628125 0.46226499804687493
5 0.3877829377821358 0.41431724220194843 0.34333414843749993 0.3974860429687501 0.3044300915147392 0.5002260917824267 0.348878880859375 0.517057291015625
5 0.37454097298697847 0.6134830641083427 0.3316316113281251 0.6039476484375002 0.32409484486688184 0.6378630905102236 0.36700420652573523 0.6473985061810662
5 0.37054559357666494 0.7332828611438196 0.35312748828125007 0.6765127382812501 0.33086264665771015 0.6833439962780555 0.34828075195312497 0.740114119140625
5 0.30685308910014963 0.6403748711848093 0.287632654296875 0.62849557421875 0.24933193238422524 0.6904652792058157 0.26855236718749986 0.702344576171875
5 0.3025937700231939 0.7724944148468482 0.27832051367187505 0.7141802890625002 0.25440885692993115 0.7241335167937771 0.27868211328125 0.7824476425781252
5 0.3348830331350771 0.8546017850392947 0.334205140625 0.797960029296875 0.3094912598336728 0.7982558067575803 0.3101691523437499 0.8548975625
5 0.3433494136454291 0.8671125110085435 0.30564644921875 0.80231926953125 0.27803971721394594 0.8183835319602065 0.315742681640625 0.8831767734375
5 0.6260087226214477 0.6597581951520446 0.5949292443143905 0.6500458588189502 0.5750489123179428 0.7136629253856557 0.6061283906249999 0.72337526171875
5 0.6306137744148169 0.6529595940596629 0.595784197265625 0.618560009765625 0.5767270253899459 0.6378553952102803 0.6115566025391378 0.6722549795043182
5 0.6249250864177829 0.5847783396589968 0.5849671464843752 0.5816566250000001 0.5808086128009675 0.6348858458878784 0.6207665527343752 0.6380075605468751
5 0.5710509664156339 0.5900161889365088 0.5062469453125 0.5470284453125001 0.4787693803409108 0.588450872966672 0.5435734014440448 0.6314386165906807
5 0.38463438993395244 0.6379460806396541 0.33174767187500004 0.603204390625 0.25279483272229747 0.7233930326415958 0.30568155078124987 0.7581347226562499
5 0.3317170486344385 0.6260091406653505 0.3172301269531251 0.6099670917968751 0.27567195527181165 0.6474965858971498 0.29015887695312514 0.6635386347656251
5 0.3682074358117413 0.7318869594267423 0.3432177949218751 0.730012736328125 0.3400485680945088 0.7722690933076327 0.36503820898437506 0.77414331640625
5 0.5721168301578405 0.3348011605932307 0.4982451279555071 0.2762559855746375 0.37794850678204156 0.4280450300595319 0.451820208984375 0.48659020507812506
5 0.5550653682400662 0.34657565222906167 0.5142378007812501 0.3379721953125001 0.493500815353684 0.4363792286303136 0.5343283828125002 0.44498268554687515
5 0.6074328620608798 0.7942739693581412 0.557899802734375 0.7518322558593752 0.48318753247037033 0.8390277767356091 0.5327205917968751 0.8814694902343752
5 0.42597597742597115 0.326382402163232 0.36712363683261895 0.31173889016736034 0.3411769308910228 0.4160188180822534 0.40002927148437506 0.43066233007812504
5 0.40672551332541673 0.4171395486194764 0.36319782421875 0.34882341406249995 0.32866154526833335 0.37082823653677355 0.37218923437500007 0.43914437109375
5 0.43713592536196344 0.35181364051445985 0.41271466796875006 0.34578881640625003 0.39592141252866175 0.41385925401679025 0.42034266992187513 0.4198840781250001
5 0.4345069701281482 0.3666519538602773 0.4081576054687501 0.32980973828125004 0.39664966659060186 0.3380401574678477 0.42299903125 0.374882373046875
5 0.5943456695436965 0.7001119079369974 0.5906555722656252 0.6352657851562501 0.5607567679626078 0.6369671898300374 0.5644468652406791 0.7018133126107847
5 0.31658479433213116 0.7143806595815537 0.28376344531250003 0.70889915625 0.275720820902244 0.7570556138559462 0.3085421699218751 0.7625371171875
5 0.3161377281488965 0.5594444657586055 0.30153303515624996 0.55057569921875 0.2755604281011035 0.5933462412726447 0.29016512109375003 0.6022150078125001
5 0.2943472732709881 0.5761291704816773 0.2763435878906251 0.5739371621093752 0.26988043571338705 0.6270211556901979 0.28788412109375006 0.6292131640625002
5 0.41270259822082733 0.534812887886364 0.3551651308593751 0.48823065234375007 0.32996959318542285 0.519351688285511 0.3875070605468751 0.565933923828125