7 0.5706150322736068 0.541857278616775 0.5140625006440702 0.4413194449502104 0.4594630933704633 0.47203161164593543 0.516015625 0.5725694453125
7 0.5685011751732533 0.5560312224211299 0.5053936289062502 0.5489316230468752 0.49339786193612195 0.6555606564851204 0.5565054082031251 0.662660255859375
7 0.5134416761100986 0.6894079693201561 0.5130484414062502 0.6208977890625001 0.4478122281867764 0.621272231851719 0.4482054628906249 0.689782412109375
7 0.580078125 0.7125 0.528515625 0.7125 0.528515625 0.77534722265625 0.580078125 0.77534722265625
7 0.5630069449886445 0.8117048912910384 0.5188502207031249 0.718107734375 0.46904255891760555 0.7416057044120868 0.513199283203125 0.8352028613281253
7 0.5594885965219627 0.867363624037737 0.54417206640625 0.79345528515625 0.49987782925928725 0.802634682602888 0.5151943593749999 0.876543021484375
7 0.5137457841369206 0.797431726646744 0.4630152011871612 0.7929260506091395 0.4570692490814907 0.8598730778686454 0.5077998320312501 0.86437875390625
7 0.4182171127844151 0.7130883857242977 0.3623826269531252 0.6762194179687502 0.283246023934335 0.7960641494319526 0.3390805097656249 0.8329331171875001
7 0.6169587514430701 0.3618566647237773 0.5545133359375 0.34269727539062506 0.51841395949443 0.46035449933872286 0.5808593750000002 0.47951388867187517
7 0.594569806663799 0.4641679161337901 0.5592868238144542 0.44991185256311095 0.5282908530881554 0.5266251961949459 0.5635738359375001 0.540881259765625
7 0.6819746857865706 0.4633317885884555 0.6525295546875 0.46066035546875017 0.6476038669478046 0.5149523832865448 0.6770489980468752 0.5176238164062501
7 0.7142041263123852 0.6898213990501059 0.666172123046875 0.5959975703125 0.6295909732969898 0.6147248587623941 0.6776229765624999 0.7085486875
7 0.6420383686574097 0.6500059965207038 0.575451193359375 0.6464388261718751 0.5709558364207155 0.7303521499636714 0.6375430117187502 0.7339193203125001
7 0.5692665317519845 0.7135694108391712 0.5575995996093749 0.6570056230468752 0.4912182592636404 0.6706975383795791 0.50288519140625 0.7272613261718752
7 0.679202613553924 0.790878916626252 0.656961232421875 0.719706498046875 0.622323034883576 0.7305309349362481 0.644564416015625 0.801703353515625
7 0.6429667567742119 0.8022109632121758 0.63192340625 0.7117093593749999 0.571044985413288 0.7191379762409491 0.5820883359374999 0.809639580078125
7 0.5853874874508763 0.8267244197311899 0.5841786171874999 0.76869862890625 0.5412429695397012 0.7695931212852822 0.5424518398030777 0.8276189121102222
7 0.3671147651860206 0.6841774072957655 0.34096764843750005 0.6600907968750002 0.29004454536085456 0.7153701532511096 0.3161916621093751 0.739456763671875
7 0.3775364591990462 0.6561149724909087 0.36971060742187506 0.5981456972656252 0.32774879861345385 0.6038105411809667 0.335574650390625 0.6617798164062502
7 0.4018297918402171 0.5486657405377185 0.35623497485076583 0.5435363240261799 0.3487711693386738 0.6098812670822114 0.39436598632812503 0.61501068359375
7 0.43183980953444934 0.5726416463408835 0.396300357421875 0.512875599609375 0.36538907327805076 0.5312567735809915 0.40092852539062507 0.5910228203125001
7 0.3929687500000001 0.608333333984375 0.3613281250000001 0.608333333984375 0.3613281250000001 0.651041666015625 0.3929687500000001 0.651041666015625
7 0.4570176410543076 0.5813771841742268 0.398584736328125 0.56839209375 0.3894487065100308 0.6095042263956261 0.44788161123621334 0.6224893168198529
7 0.4626524809944892 0.6598592796605747 0.45959523242187506 0.602049490234375 0.4112894935118837 0.6046041207354976 0.4143467420844979 0.6624139101616973
7 0.40752222772196517 0.650518131197313 0.3542131054538171 0.6501073593598351 0.353764782028727 0.708289849256272 0.40707390429687507 0.70870062109375
7 0.4262643609803516 0.7384625782747226 0.3891807441406251 0.7274192949218751 0.36145417808214864 0.8205257850065275 0.39853779492187513 0.831569068359375
7 0.5102580817429956 0.49766844635076024 0.482232220703125 0.41581513476562504 0.4439698284132543 0.42891584466486476 0.47199568945312487 0.51076915625
7 0.5179787654818309 0.5239138175426066 0.4677255312500001 0.49838836523437513 0.4507417540494193 0.5318251765980186 0.5009949882812501 0.5573506289062502
7 0.4712091233391993 0.5346169740279909 0.46996478124999996 0.500549701171875 0.4412439665045506 0.501598758393884 0.44248830859374993 0.5356660312499999
7 0.4621934936160106 0.4822254657649082 0.4292855292968749 0.46872805859375 0.3991267720089894 0.5422579815007168 0.43203473632812506 0.555755388671875
7 0.406752648202344 0.4854349001899305 0.3938334484802287 0.45717415268135975 0.3434244194185096 0.48021828178830434 0.35634361914062496 0.5084790292968752
7 0.546484375 0.3722222226562501 0.516796875 0.3722222226562501 0.516796875 0.4309027773437501 0.546484375 0.4309027773437501
7 0.591822388115595 0.3698166829221726 0.578170109375 0.32404741406250004 0.5166117974312799 0.3424093248903274 0.5302640761718749 0.38817859375
7 0.6147158342974566 0.3647780106596489 0.5776441640625 0.3360501074218751 0.5616515680462935 0.3566876123872263 0.5987232382812501 0.3854155156250001
7 0.6555070791481628 0.6788942259206099 0.6213172246093752 0.6265934667968751 0.6031882715198168 0.6384446574766528 0.6373781260586044 0.6907454166003876
7 0.67569199249303 0.662600839497542 0.6401342792968752 0.659822892578125 0.6354057789913452 0.7203476839399581 0.6709634921875001 0.7231256308593751
7 0.70408600018365 0.697802307833956 0.6712109374999999 0.6850000000000002 0.6451421248163501 0.7519421374785442 0.6780171875000001 0.7647444453125001
7 0.6631362839992143 0.8456080294511321 0.6605652578125001 0.7861887265625 0.6206160128794358 0.7879172987582203 0.62318703906615 0.8473366016468523
7 0.689918909789545 0.615278694255786 0.6874885117187499 0.5591094765625 0.649368773804205 0.5607588877754639 0.651799171875 0.6169281054687499
7 0.6458503401806417 0.4191047910010749 0.6343743299546456 0.3749297260871858 0.5702660386021289 0.39158408547673584 0.581742048828125 0.43575915039062496
7 0.450508600356911 0.34059237137870413 0.410825259765625 0.32969098828125 0.3897895715180891 0.40626534346504595 0.42947291210937505 0.4171667265625001
7 0.4268476155214061 0.3908262021161298 0.40136212109375 0.36702123046875 0.3425745192442189 0.42995896975887027 0.36806001367187496 0.45376394140625
7 0.5117133048779262 0.4577498618120336 0.42505744531250006 0.36531694531250003 0.37391399388523006 0.4132639312176248 0.4605698534506562 0.5056968477171583
7 0.49456446190415915 0.4121803787800774 0.49338568359375 0.34218713867187506 0.4310928173927158 0.3432362325480477 0.43227159570312496 0.41322947265625004
7 0.526329253710942 0.33355570280441804 0.44998782617187505 0.30689679101562506 0.4385532945092714 0.33964113096767046 0.5148947220483382 0.36630004275646344
7 0.4966588018159027 0.74630294304147 0.47204776166884493 0.7456736835924741 0.4706543426654423 0.8001718577385042 0.4952653828125001 0.8008011171875001
7 0.48680987583503144 0.7579290097407381 0.4467325019531251 0.7260167500000001 0.3811015636180938 0.8084401093998872 0.42117893750000013 0.8403523691406252
7 0.458237522188771 0.6526738214442109 0.41547035566148327 0.6385229212925174 0.3894277651133372 0.7172294201608066 0.43219493164062495 0.7313803203125
7 0.36977838805881835 0.6472940693476763 0.3518405158299426 0.6411522982295628 0.33535900277112435 0.6892887835693866 0.3532968750000001 0.6954305546875001
7 0.3692448604685655 0.5877148596591046 0.34860641796875 0.5714620859375 0.3110338543751846 0.6191732770596455 0.33167229687500005 0.6354260507812501
7 0.42580914510477597 0.48614718468670975 0.38547003125 0.47962773242187506 0.3798421107545991 0.5144504930476654 0.42018122460937507 0.5209699453125002
7 0.39177087022939666 0.45083344996986296 0.37068348828125003 0.4366624492187501 0.3293948680518535 0.4981026340145122 0.3504822500000001 0.5122736347656252
7 0.4023998202017847 0.4651332477841966 0.399957126953125 0.42605013476562487 0.37894545324331497 0.4273633636655235 0.38138814649197467 0.4664464766840953
7 0.5097004767501281 0.5831520986792262 0.43507712304687496 0.5047598867187502 0.39045457886585694 0.5472371151867772 0.4650779325691101 0.6256293271472534
7 0.5069468004084156 0.6225796148299764 0.50661534375 0.5677786523437501 0.46275210974790587 0.5680439535412116 0.4630835664063215 0.6228449160274379
7 0.4146660944872527 0.5244747939750296 0.38706672584513985 0.48825062405846487 0.3215202797953871 0.5381907753959355 0.3491196484375 0.5744149453125001
7 0.5422760053507163 0.3427243093469229 0.5043069160156249 0.33154493359375004 0.47482929933678364 0.43166128049682717 0.512798388671875 0.44284065625
7 0.6366599310183468 0.6383057393104047 0.607638126953125 0.5802621328125 0.5198114947629032 0.6241754501427202 0.548833298828125 0.6822190566406249
7 0.6608870769929721 0.6236607827614435 0.6422438710937501 0.53601469921875 0.596864807772653 0.5456672836448063 0.615508013671875 0.6333133671875
7 0.6637418882202353 0.48939831991162236 0.637065799859066 0.47044425715726407 0.5917664233575807 0.5341989352925168 0.61844251171875 0.5531529980468751
7 0.6610631612711806 0.4095688451507531 0.6159100957031252 0.38676193945312504 0.5602032078694447 0.4970503228179971 0.6053562734375001 0.5198572285156251
7 0.6547168501897194 0.49314351182447747 0.6544154355468751 0.4443811796875 0.6158853724665306 0.4446193455973976 0.6161867871093749 0.493381677734375
7 0.6770727945790619 0.5608011089925395 0.6735972576235215 0.5252203105653345 0.6320589903882096 0.5292777738384199 0.6355345273437499 0.564858572265625
7 0.5121493782944635 0.6791245098031693 0.45536602827670614 0.6566477691274333 0.41201859138849267 0.766157093308639 0.46880194140625003 0.788633833984375
7 0.4282397710990823 0.706844202121382 0.40247236914822476 0.7052337401127798 0.40001384804914264 0.744570092678898 0.42578125000000017 0.7461805546875001
7 0.3716466511703588 0.5700132410971424 0.34198978320312495 0.522839744140625 0.31921332343901615 0.5371587686684824 0.34887019140625 0.5843322656249998
7 0.38372404355989137 0.8324107699028805 0.37056476367187496 0.771825591796875 0.34276504246560024 0.777863773470982 0.3559243223536166 0.8384489515769875