5 0.5845459191714955 0.39971551893539337 0.5442914609374999 0.31224903710937507 0.5027084886312432 0.3313866540227568 0.5429629468652387 0.41885313584877504
5 0.6408035504629542 0.43891471604965693 0.6091203877266084 0.39796254370006756 0.5345004896074042 0.45569316554103556 0.56618365234375 0.4966453378906249
5 0.6264239818827221 0.4462686892844482 0.589406822265625 0.4349652343750001 0.567287104054778 0.5074040724343021 0.6043042636718751 0.5187075273437501
5 0.6618448880732505 0.487973812775154 0.612207998046875 0.47914947851562506 0.6063559166142495 0.512067443084221 0.655992806640625 0.52089177734375
5 0.5464259180358404 0.4786703429593657 0.5143544999999998 0.44985991796874997 0.4644637147766594 0.5053977390718842 0.49653513281249995 0.5342081640625
5 0.5729577044086389 0.5109553835433003 0.5397741328124999 0.48140126562499996 0.46956240691948603 0.5602354855973248 0.5027459785156251 0.5897896035156251
5 0.5880785214123342 0.5851445009421135 0.52426707421875 0.5415127441406251 0.49728713483766573 0.5809709072610116 0.56109858203125 0.6246026640625
5 0.5907178993746542 0.5260313927107045 0.5526266093749999 0.47213351367187506 0.5283458350003455 0.4892934842424206 0.5664371249999999 0.5431913632812501
5 0.518748007630857 0.46916964986515425 0.50939228515625 0.41794186328125005 0.4813944982915592 0.4230550946206565 0.49075022076616626 0.4742828812045607
5 0.5640625 0.4138888886718751 0.51484375 0.4138888886718751 0.51484375 0.4649305546875001 0.5640625 0.4649305546875001
5 0.5643290976628763 0.47544172128998724 0.54936018359375 0.45579501953125007 0.5172374433527488 0.48026948574126294 0.532206357421875 0.4999161875000001
5 0.5987679231246095 0.5732854355625657 0.556415900390625 0.512110294921875 0.5277752741410155 0.5319384218593093 0.570127296875 0.5931135625
5 0.5030357704672175 0.4440373034647958 0.43868336328125 0.43498774609375 0.42610025882965763 0.5244675988789542 0.4904526660156251 0.5335171562500001
5 0.5477930586020343 0.6163162659657073 0.5015405820312501 0.6150154140625 0.49985734569484075 0.6748637711436676 0.546109822265625 0.6761646230468749
5 0.5749492054621091 0.6138405503240281 0.53715740234375 0.611908013671875 0.5349797125066409 0.6544939203790969 0.5727715156250001 0.65642645703125
5 0.5945953015547641 0.5970225666412069 0.5628515625000001 0.59597222265625 0.5615119191483611 0.6364592341400431 0.5932556582031251 0.637509578125
5 0.6217189710900536 0.5747840377874818 0.5714338242187501 0.5549183007812502 0.5576698160193215 0.5897584465875187 0.607954962890625 0.6096241835937503
5 0.53227208656433 0.7781086751292334 0.519119662109375 0.69104770703125 0.4648842396075448 0.6992411295582666 0.47803666406249995 0.78630209765625
5 0.576710395622207 0.7215117733420274 0.50709697265625 0.7205567109375 0.505626944221543 0.8277054278298476 0.5752403671875 0.828660490234375
5 0.6159609843696 0.7941020417610043 0.594308998046875 0.7042863984375001 0.556284435552275 0.7134530344108709 0.577936421875 0.8032686777343752
5 0.5046414155197005 0.7827773965292052 0.4502484941406251 0.779767951171875 0.44513483448029967 0.8721925858926698 0.49952775585937514 0.87520203125
5 0.4547700128731925 0.7841966210831691 0.4217097988281251 0.780523263671875 0.41275911798618264 0.8610793847762058 0.44581933203125007 0.8647527421875
5 0.48262931123169955 0.7952227498236539 0.48062801953125 0.724065703125 0.45094446806517546 0.7249005529107211 0.452945759765625 0.796057599609375
5 0.5260612115112853 0.8372769484079794 0.501672763671875 0.768989294921875 0.48198086404195295 0.7760221162660873 0.5063693118813632 0.8443097697521917
5 0.5525648411987164 0.8248973571743133 0.513402712890625 0.8153414570312499 0.5056791158325336 0.8469944143100616 0.544841244140625 0.856550314453125
5 0.5051825997344731 0.6742177753872212 0.501623607421875 0.589153421875 0.4449498280033148 0.5915245860224776 0.448508820315913 0.6765889395346988
5 0.4477743358396945 0.5989919111220187 0.41142517578125004 0.5986821171875 0.41078359775405565 0.6739606162217314 0.4471327578125001 0.6742704101562501
5 0.4837669074549153 0.5192837617932281 0.43108201367187504 0.5185428808593752 0.4299494948888349 0.5990775917223972 0.48263438867187514 0.5998184726562501
5 0.42453444577397403 0.8149163410851492 0.4169847265625001 0.7235207910156252 0.363595751504888 0.7279309813407202 0.37114547071636195 0.8193265314102443
5 0.39319637481184144 0.7136515930757653 0.369375 0.7043750000000002 0.3409380001881586 0.777398406924235 0.36475937500000005 0.7866750000000001
5 0.4149045173740852 0.7262114740474157 0.41057992773437507 0.664706197265625 0.37394464082903983 0.6672821157963342 0.37826923046874994 0.728787392578125
5 0.4439210553160722 0.658861229177271 0.41459025000000005 0.656016646484375 0.40748672788705276 0.729261845041479 0.4368175332031249 0.732106427734375
5 0.4501652416869893 0.7763163676923043 0.449172396484375 0.7204229238281251 0.4103441880005107 0.7211126362139461 0.411337033203125 0.7770060800781252
5 0.5501695389838361 0.6693782182979863 0.5055393105468752 0.6679436757812501 0.5038098145317892 0.721750238733264 0.5484400429687502 0.7231847812500002
5 0.5359812788833512 0.38280217538868516 0.45365448437499994 0.32059970703125007 0.4175976225209831 0.36832202312028417 0.4999244170293343 0.43052449147771926
5 0.436202059059394 0.44441286552994186 0.394438220703125 0.4432382578124999 0.392546868674981 0.5104863434544332 0.43431070703125 0.511660951171875
5 0.401630566391435 0.5852290230323749 0.36497701953125006 0.5674070117187501 0.3175984336085651 0.6648479339988753 0.35425198046875006 0.6826699453125
5 0.4144256565697625 0.6734495569336459 0.40977907421875004 0.6054585429687501 0.3662760641333626 0.6084315875976042 0.370922646484375 0.6764226015625
5 0.4283222046710645 0.5046285714007313 0.38328459179687513 0.5011100078125001 0.37749163321956075 0.575259875864894 0.42252924609375014 0.5787784394531252
5 0.40446025908409755 0.8363985812537078 0.367651013671875 0.767515787109375 0.33608030146277745 0.7843863874962923 0.372889546875 0.8532691816406252
5 0.362191998756332 0.7491133582413481 0.34159981446184423 0.7477344178385443 0.3370869055492624 0.8151272158471964 0.3576790898437502 0.8165061562500001
5 0.39825952639119133 0.6605229070144154 0.3593697558593749 0.64125941015625 0.3178669638431836 0.7250465890793347 0.356756734375 0.7443100859375
5 0.34761176050402925 0.6597926829318828 0.33274618008034695 0.6571717926936635 0.3227138922325678 0.7140745121055307 0.3375794726562501 0.71669540234375
5 0.34753256937598875 0.5930808171013671 0.31685167578125006 0.58741803515625 0.3018601845302614 0.6686417786017581 0.3325410781250001 0.6743045605468752
5 0.39672678814017936 0.5141515058888089 0.36014231224022375 0.48543168729606856 0.30288138738129433 0.5583729880478848 0.33946586328124995 0.587092806640625
5 0.3924838107876473 0.5469414540287831 0.37564205468749995 0.5363368027343751 0.3415555993686028 0.5904711397212171 0.3583973554687502 0.6010757910156251
5 0.5002547712294518 0.41947086960206115 0.44730009179687513 0.3959354570312501 0.4349933908799234 0.4236255346948141 0.4879480703125001 0.44716094726562516
5 0.6211612707270124 0.6443075903388261 0.613968357421875 0.5923055 0.5869180144292376 0.5960470952080488 0.594110927734375 0.6480491855468749
5 0.6068654184987532 0.49498165650350756 0.5721484371462264 0.48847222258991757 0.5609470811474733 0.54821278874266 0.5956640625 0.55472222265625
5 0.6471154873875999 0.6747566657101386 0.6124171640625001 0.6735368027343751 0.6107190516749003 0.7218386643679866 0.6454173750000001 0.7230585273437501
5 0.6452519387107347 0.7561572386973636 0.6230040820312499 0.7127467851562501 0.6042426530861401 0.7223620171620118 0.6264905097656249 0.7657724707031253
5 0.6229702015241296 0.7762102393634243 0.6210417148437501 0.7367834062500002 0.6038444078508705 0.737624578995951 0.6057728945312499 0.7770514121093751
5 0.6274629001188319 0.5827429923743247 0.6221455703125001 0.5818456933593752 0.6203564084749182 0.5924481384850506 0.6256737382812501 0.5933454375000002
5 0.6531561003468375 0.6042710790654762 0.641508400390625 0.5465872324218751 0.6203460109812875 0.5508604072626488 0.6319937109375 0.60854425390625
5 0.6169968907274415 0.7028037697591076 0.592789435546875 0.6240157441406251 0.551433509114853 0.636722265565616 0.5756409642954194 0.7155102911840985
5 0.5776515249930739 0.7300823091839078 0.5747165371093749 0.651816001953125 0.5432503694650366 0.6529959837875847 0.5461853573487356 0.7312622910183676
5 0.5492753680672909 0.6127737064557498 0.540638068359375 0.5755253515625 0.488023510838959 0.5877258287005003 0.49666081054687494 0.6249741835937501
5 0.4751329787802462 0.6611135710415017 0.4424771014135628 0.658608716785451 0.4367688023208166 0.7330280226970743 0.4694246796875 0.7355328769531251
5 0.624573509235893 0.7388790978913562 0.6077066386718749 0.6965917832031252 0.5877924441571846 0.7045348305151231 0.6046593147212027 0.7468221452033541
5 0.6337646164366706 0.6509790414890573 0.6066580269433639 0.6385038504793503 0.5691534671473184 0.719995244537168 0.5962600566406251 0.7324704355468752
5 0.6454929953177264 0.6484506703040919 0.6327343750000001 0.6340972226562501 0.6090382546822736 0.6551604410240334 0.6217968749999999 0.6695138886718751
5 0.635318751508039 0.41455804876207636 0.593266140625 0.4049734082031251 0.5874560004450861 0.4304653985035488 0.629508611328125 0.44005003906250006
5 0.6387024046534081 0.5150503901880916 0.605979673828125 0.499874630859375 0.596045936797745 0.5212942511823708 0.6287686676230281 0.5364700105110874
5 0.402649851029119 0.480791461118999 0.38046598319428004 0.4734765230481679 0.36666188802453603 0.5153399291166689 0.38884575585937503 0.5226548671875
5 0.5937586850352454 0.3684889987217319 0.5492071054700984 0.36731795893307256 0.5475696020754781 0.4296158957582158 0.5921211816406251 0.43078693554687514
5 0.6519884231641394 0.644846088516635 0.650681013671875 0.591387578125 0.6107422662889856 0.5923643411708649 0.61204967578125 0.6458228515625
5 0.5369520518475198 0.4151834033953996 0.5228415488281248 0.353365958984375 0.49642233877748 0.3593964305889755 0.510532841796875 0.4212138750000001
5 0.46062817566036174 0.34070723760115196 0.38918965039062503 0.3343819511718751 0.3796249591052634 0.44240669403947325 0.4510634843750001 0.4487319804687501
5 0.6393568512185882 0.5607700086859455 0.6203909707031251 0.5485499472656251 0.594282695656412 0.5890707276421797 0.6132485761718751 0.6012907890625001
5 0.6531728096844961 0.5406774895275215 0.628234298828125 0.5104818125000001 0.5708058387530038 0.5579117897693537 0.595744349609375 0.5881074667968751
5 0.4983548161101188 0.6807963060197486 0.4738396132812501 0.6773488554687501 0.46667275615550646 0.7283131705427517 0.4911879589843751 0.7317606210937502
5 0.43454606692022685 0.5845701627862174 0.4198046875 0.567986111328125 0.3909617455797732 0.5936242825262829 0.40570312500000005 0.6102083339843752
5 0.40792403873407174 0.5622384905720041 0.3699497421875 0.558404546875 0.3649996780628033 0.6074337496623708 0.40297397460937506 0.611267693359375