5 0.5415064886009342 0.34081777920019374 0.475880998046875 0.33142140234375006 0.45439680046156594 0.4814697696279315 0.5200222910156251 0.4908661464843751
5 0.5367404385892403 0.3609574784269484 0.466601513671875 0.31041480078125006 0.3749091668795097 0.43765781454180175 0.445048091796875 0.4882004921875001
5 0.5906509811499858 0.35823407162661036 0.525918658203125 0.3544673203125001 0.5206936887718892 0.4442593932171399 0.58542601171875 0.44802614453125017
5 0.5502061743963498 0.5653320396581406 0.525452966796875 0.51347137890625 0.4317544525567753 0.5581938861231095 0.45650766015625005 0.610054546875
5 0.5746601840520595 0.5946789013114905 0.531426037109375 0.5715459960937501 0.48817920266669057 0.6523719873603848 0.5314133496093751 0.6755048925781252
5 0.48926660588336335 0.5280978975870111 0.4272993527071719 0.4952331226181062 0.3650265554175587 0.6126498461248453 0.42699380859375013 0.6455146210937501
5 0.5163941239889596 0.5708639119202666 0.4901945078125 0.462780103515625 0.4295161025735403 0.47748860565785844 0.4557157187499999 0.5855724140625
5 0.6092488209720746 0.6039913313063026 0.6074797578125001 0.5285113378906251 0.5699840774654256 0.5293901433030724 0.571753140625 0.6048701367187499
5 0.6117939742530576 0.6948384409757904 0.5762123828125 0.694282478515625 0.5752902523094424 0.7532988207429596 0.61087184375 0.753854783203125
5 0.4664709888118208 0.7244432728090906 0.43625073632812494 0.6277384687500001 0.3994377664915042 0.63924252228655 0.4296580189752001 0.7359473263456405
5 0.50625 0.79027777734375 0.4695312500000001 0.79027777734375 0.4695312500000001 0.845486111328125 0.50625 0.845486111328125
5 0.5441196740320227 0.7905169023388634 0.4995082207031249 0.72933548046875 0.46716666971797727 0.7529178613330115 0.511778123046875 0.814099283203125
5 0.5544008036251716 0.7343367445631471 0.5205078125 0.733333333984375 0.5180547393435784 0.8161927222337279 0.55194773046875 0.8171961328125
5 0.6122363347093192 0.6945959158444759 0.592379068359375 0.5865180859375 0.524343620368806 0.5990183185305241 0.5442008867187501 0.7070961484375
5 0.6283720207401734 0.6791780898911685 0.6023399492187501 0.6526623144531251 0.5582826472285767 0.6959159179213316 0.58431471875 0.722431693359375
5 0.47245109240348737 0.7001596564605918 0.3848944958039772 0.6835519019183166 0.35870861238486484 0.821604690770225 0.446265208984375 0.8382124453125002
5 0.49061112123172923 0.7441077820726361 0.45861455265872114 0.7428665351533154 0.456564359161367 0.7957159366744295 0.4885609277343751 0.7969571835937502
5 0.515529625847374 0.6990106594756198 0.48674941406249994 0.6971060859375 0.4835478057932509 0.74548592646188 0.512328017578125 0.7473904999999998
5 0.5072835711210723 0.735534447631656 0.4712554375 0.6610979472656252 0.43237214958205267 0.6799179117433444 0.468400283203125 0.7543544121093751
5 0.4589843750000001 0.792361111328125 0.3968750000000001 0.792361111328125 0.3968750000000001 0.86284722265625 0.4589843750000001 0.86284722265625
5 0.4196011618875237 0.833254877634442 0.396081626953125 0.817619732421875 0.36629458225310135 0.8624275950218081 0.3898141171875001 0.878062740234375
5 0.39839185080599493 0.6012436227120611 0.348870875 0.594611349609375 0.3366059695065052 0.6861893167410638 0.3861269453125001 0.6928215898437499
5 0.4335138102992548 0.5819123037056202 0.36728309765625 0.4717651679687501 0.3089639494663703 0.506832069341255 0.3751946621093751 0.6169792050781251
5 0.37067642826455954 0.5616856498573879 0.33157123242187503 0.559410130859375 0.32860803853231557 0.6103331411582372 0.3677132343750001 0.6126086601562502
5 0.4287530920283823 0.5957819773788482 0.398577025390625 0.58690325 0.3769817868778678 0.6602988312149018 0.4071578535156251 0.66917755859375
5 0.45157655998320884 0.5137685505329536 0.44512976953124994 0.4800158828124999 0.4037424810324161 0.4879208928264214 0.410189271484375 0.521673560546875
5 0.40879190276415706 0.45131315825637447 0.383853013671875 0.45037794921875 0.38207334723584296 0.49783568549362556 0.407012236328125 0.49877089453125
5 0.424630573462226 0.38859920042696505 0.313299978515625 0.31437880468750007 0.263179785912774 0.3895590944949101 0.37451038085937494 0.46377949023437504
5 0.44655295100072445 0.4158306446278932 0.38100635156250007 0.287351837890625 0.3187853958648791 0.31909537725984954 0.38433199530310347 0.44757418399711774
5 0.3223512276880986 0.5100633239489556 0.2931518164062501 0.4981816484375001 0.2603478582494016 0.5787979104260447 0.2895472695312501 0.5906795859375001
5 0.351306541883731 0.6015841873781119 0.322881560546875 0.5972696816406251 0.3125328487412692 0.6654494356687631 0.3409578300781252 0.66976394140625
5 0.38707411942941633 0.7722317523650754 0.3801385703124999 0.6998608085937499 0.32281491572683363 0.7053543257599245 0.32975046484375004 0.77772526953125
5 0.4044649132378667 0.8475624552435058 0.381543904296875 0.7491698359375 0.33678235824650826 0.7595972420221192 0.3597033671875 0.857989861328125
5 0.34079974494666326 0.7914427466598558 0.33088692968749994 0.72535730859375 0.3017508253658367 0.7297277240432694 0.31166364062499996 0.7958131621093751
5 0.31772045167691904 0.8121674595515072 0.307883294921875 0.7401157578125 0.26517960301058097 0.7459460560734928 0.275016759765625 0.8179977578125
5 0.3014307235778694 0.7565342709271252 0.28952433789062504 0.6970653437499998 0.25993066704713064 0.7029903482134995 0.271837052734375 0.7624592753906249
5 0.329930560870467 0.7419880576832197 0.297936830078125 0.6943694804687501 0.27485487467640796 0.7098776688792804 0.30684860546875 0.75749624609375
5 0.35033550209036224 0.7088833831526322 0.30433689257812513 0.682361662109375 0.2891047147065129 0.7087799703629928 0.33510332421875 0.73530169140625
5 0.38144689952116606 0.6960638740805791 0.3655078125 0.669166666015625 0.3249984129788339 0.6931722372475458 0.34093749999999995 0.7200694453125
5 0.2784585175354246 0.6981938312916789 0.2678268281250001 0.69500432421875 0.25624222855832546 0.7336196530833212 0.26687391796875004 0.7368091601562501
5 0.2931756494858115 0.6414543808165307 0.286099017578125 0.58933442578125 0.2529281962173135 0.5938382226990944 0.260004828125 0.6459581777343751
5 0.344879686539867 0.7010849058110055 0.34372586132812505 0.6181559980468749 0.2688797607257581 0.6191973637202445 0.27003358593750004 0.702126271484375
5 0.5448707766782178 0.7184613315615719 0.5393515625 0.64977777734375 0.49566047332178215 0.6532886684384283 0.5011796875 0.7219722226562502
5 0.6423859257327513 0.5468502878657362 0.592317982421875 0.4915199472656251 0.5668820527828736 0.514536698462389 0.61694999609375 0.5698670390625001
5 0.6165988216239116 0.5892947854409339 0.6020703341353686 0.572496224478786 0.575027543761457 0.5958845874753521 0.58955603125 0.6126831484375
5 0.640361781831281 0.660281008391793 0.6297449453125 0.58478349609375 0.5902907902028868 0.5903317360560388 0.6009076267216678 0.6658292483540819
5 0.6219414950740697 0.6815235433132242 0.6209981132812501 0.653012451171875 0.6036457881290551 0.6535866090305257 0.6045891699218748 0.6820977011718748
5 0.2815173464730536 0.7510818308872727 0.2669112398435223 0.7462036203108983 0.2558177996204688 0.7794190726267506 0.2704239062500001 0.784297283203125
5 0.3011718750000001 0.576388888671875 0.2859375000000001 0.576388888671875 0.2859375000000001 0.621875 0.3011718750000001 0.621875
5 0.36838499922803275 0.480279032626692 0.276337181640625 0.427491751953125 0.24053899602284548 0.4899148360305657 0.3325868136102532 0.5427021167041327
5 0.3569829566837429 0.42261139111441665 0.32911613711857923 0.40847307929005594 0.3022760202785863 0.4613753424725142 0.33014283984375 0.475513654296875
5 0.33734773758092035 0.623398157284402 0.329001048828125 0.5749255351562499 0.2954533519361984 0.580702243162467 0.30380004068899374 0.6291748652906191
5 0.3558177715044238 0.5640573466875028 0.3320939921874999 0.526202185546875 0.27473555271432615 0.5621486435468722 0.29845933203125 0.6000038046875
5 0.5971664624195361 0.49268049585699064 0.5800861171875 0.48289488085937504 0.552459428205464 0.5311160080492594 0.5695397734375001 0.5409016230468751
5 0.5841332899164111 0.4961863586943201 0.5790140058593751 0.456748921875 0.555703381958589 0.45977482099317984 0.560822666015625 0.49921225781249995
5 0.4487196362259253 0.32739345250419694 0.4229072578125001 0.3180529062500001 0.39690403955532483 0.3899121842145532 0.42271641796875004 0.39925273046875004