7 0.6244903689489762 0.4123898538127937 0.525874388671875 0.3502520761718749 0.48587806994908495 0.41372837558374737 0.5844940502261862 0.47586615322466613
7 0.6050196842670694 0.6998142345732709 0.582427130859375 0.589648646484375 0.5141890305766806 0.6036427888642292 0.536781583984375 0.713808376953125
7 0.4571869194484429 0.7190585990001871 0.4235017402343749 0.6272353007812501 0.38808465281718196 0.6402279830310631 0.42176983203124996 0.73205128125
7 0.4962612227591422 0.73712341436616 0.45982728906250003 0.6618484999999998 0.4196412674752328 0.6812990016494648 0.45607520117187494 0.756573916015625
7 0.5335662969142418 0.7198516193832555 0.5306939335937501 0.6534681367187499 0.4872356327732581 0.6553485446792444 0.49010799609374994 0.72173202734375
7 0.5084816553551906 0.701937415165632 0.4793882597656251 0.697027904296875 0.4703170829260594 0.7507830223343681 0.499410478515625 0.7556925332031251
7 0.54704115469629 0.8231446002424838 0.541477705078125 0.7341294042968751 0.5084037749988096 0.7361965248791116 0.5139672246169746 0.8252117208247203
7 0.5125255650549551 0.812404741851757 0.5080993203125002 0.744732375 0.47587887635129505 0.746839816741993 0.48030512109375 0.81451218359375
7 0.5022005893387935 0.8498769860682622 0.492091345703125 0.783979701171875 0.45410049269245645 0.7898078440098628 0.464209736328125 0.8557051289062501
7 0.48127304264156623 0.7440557731537049 0.45113170117187507 0.7408263437500001 0.4447039475928089 0.8008187112212951 0.47484528906250006 0.8040481406249999
7 0.44706340933329886 0.7912299186787495 0.3875265116678721 0.7896351815869463 0.3856156413970733 0.8609743937675719 0.4451525390625001 0.862569130859375
7 0.46426530625368706 0.7017848998136507 0.37766445074910565 0.6820677401381195 0.3456472069954187 0.822692492668219 0.4322480625000001 0.8424096523437501
7 0.38951752975104315 0.6002032013337886 0.34088458007812505 0.5931108964843751 0.327663442905207 0.6837701267912115 0.3762963925781251 0.690862431640625
7 0.4230978759178735 0.5858545583523468 0.3599609375 0.47361111132812506 0.30209743574755676 0.5061593307889738 0.36523437416543025 0.6184027778131955
7 0.4701492259471184 0.5218906068524093 0.4108326972656251 0.4951981699218751 0.3576232584278818 0.6134413716632159 0.41693978710937507 0.64013380859375
7 0.41949206564514296 0.5973204766808915 0.38884291992187503 0.5880696679687502 0.36801749685485713 0.6570670330847339 0.39866664257812506 0.6663178417968751
7 0.5410660739668866 0.5666601511562344 0.515173158203125 0.512411677734375 0.42690973657998843 0.5545400031406407 0.45280265234374995 0.6087884765625
7 0.4386291740318252 0.42522793222820593 0.389340533203125 0.2875326796875 0.3319245935462998 0.30808497597491913 0.381213234375 0.44578022851562504
7 0.3915280781068439 0.33651244570906164 0.30489501562500004 0.32309373632812505 0.2852860937681562 0.4496916753846884 0.3719191562500001 0.463110384765625
7 0.36048972988211697 0.5626600601812956 0.3242175507812501 0.5618599375 0.3233310474616332 0.6020480335687044 0.3596032265625001 0.60284815625
7 0.34310285650324784 0.6013249060083956 0.3146183886718751 0.5969551289062499 0.3043370458405023 0.6639742404759793 0.33282151367187507 0.668344017578125
7 0.3616588670362858 0.48248766252068165 0.2773046875 0.4325 0.2440051946071152 0.4886928936123292 0.328359374143401 0.5386805561330108
7 0.32048724592631567 0.5172089758217331 0.29559062422478505 0.5049194449298365 0.2659076986109694 0.5650522991862286 0.29080432031250003 0.5773418300781251
7 0.3469281692519872 0.563007232784199 0.32541676171875006 0.5278872363281251 0.2721931491073879 0.5604873199501762 0.29370455664062506 0.5956073164062501
7 0.36148177004035253 0.5553506943394599 0.3197734365625 0.5240694446093751 0.2611510415221475 0.6022326389417902 0.30285937500000004 0.6335138886718751
7 0.32243601959355334 0.6967349568593344 0.318324154296875 0.6163251367187499 0.2604853417345716 0.6192828029062905 0.26459720703124995 0.699692623046875
7 0.3380301426344372 0.692079208485364 0.29770045703125003 0.687110095703125 0.29345869134993796 0.721536578624011 0.3337883769531251 0.72650569140625
7 0.4392538626783429 0.51321390857283 0.433562384765625 0.48090830273437507 0.39370336974353215 0.48793051134904514 0.3993948476562501 0.5202361171875
7 0.40379441155653795 0.8420475368104812 0.356940220703125 0.750074498046875 0.313079205630962 0.7724187893613939 0.35993339648437495 0.864391828125
7 0.40003044538907045 0.866635126476022 0.3845703125 0.8194444453125 0.361082464956487 0.8271392959768221 0.37654259784555744 0.8743299771403441
7 0.610414961469662 0.6101203300118043 0.604986029296875 0.5264745546875 0.5676732572803379 0.5288962969413207 0.573102189453125 0.612542072265625
7 0.615234375 0.697916666015625 0.575 0.697916666015625 0.575 0.75902777734375 0.615234375 0.75902777734375
7 0.6344732452688319 0.664544904659407 0.62609312890625 0.59377947265625 0.590956752778043 0.5979403590124681 0.5993368691406249 0.6687057910156251
7 0.5039077716680791 0.47113358279337025 0.46665791015625 0.31321964062499996 0.39193466583192094 0.3308458898628797 0.42918452734375 0.48875983203125
7 0.5091801135939463 0.5785829504036709 0.47264024023437495 0.462404896484375 0.4111173057689351 0.48175485250651673 0.44765717912850655 0.5979329064258126
7 0.5380460374706963 0.33785466997847213 0.4669921875 0.329861111328125 0.4496192262011786 0.4842874237715279 0.520673076171875 0.492280982421875
7 0.378969275923714 0.7684926560872144 0.3733515625 0.6985833339843749 0.316741661576286 0.7031323439127855 0.322359375 0.773041666015625
7 0.3621093750000001 0.6743055546875 0.3300781250000001 0.6743055546875 0.3300781250000001 0.71215277734375 0.3621093750000001 0.71215277734375
7 0.3278846828930681 0.7863849921800005 0.32504494335937506 0.7247942246093751 0.301561309294432 0.7258769746168747 0.304401048828125 0.7874677421875
7 0.5584300136020105 0.5865656280449757 0.5161998828125001 0.5733687109375001 0.4885334297573646 0.6619013524237743 0.530763560546875 0.67509826953125
7 0.6252824544242773 0.7196655549540308 0.6013122929687501 0.6541860859375002 0.5650724950252779 0.6674524398170866 0.5890426564808051 0.7329319088336173
7 0.6249979248038102 0.6863956210033226 0.6240584589843748 0.658002873046875 0.6049387666024396 0.6586355098560525 0.605878232421875 0.6870282578125001
7 0.3145425578402156 0.8059755620739948 0.30362718945312495 0.73571572265625 0.2642647348322534 0.7418309614095346 0.27518010321934405 0.8120908008272795
7 0.3044821063148271 0.6002346157486951 0.28423412109375 0.58608403515625 0.24923221595079798 0.6361680619856798 0.269480201171875 0.6503186425781249
7 0.31752324619066297 0.7478653762930876 0.306299220703125 0.6802170507812499 0.2606062049812121 0.6877983112069124 0.27183023046875 0.75544663671875
7 0.28114024341336386 0.745512076658322 0.267952203125 0.740965392578125 0.2579057097116364 0.7701060932635531 0.27109375000000013 0.77465277734375
7 0.3587645117105419 0.45232798108710354 0.3480340305422115 0.4273221311631004 0.30361448172229455 0.44638339616974687 0.31434496289062497 0.47138924609375
7 0.6383068986352354 0.5631856367712174 0.5997540703125002 0.4914594453124999 0.5722490525366397 0.5062433925256578 0.610801880859375 0.5779695839843751
7 0.5896800734995777 0.49780105220205856 0.5775934023437501 0.4548262167968749 0.5555024050160473 0.46103930912606633 0.567589076171875 0.5040141445312499
7 0.601820545573238 0.49639291346653996 0.5839469772442909 0.4833038975064876 0.5527624629210527 0.5258875836493228 0.5706360312499998 0.538976599609375