7 0.52250771184497 0.7520882775065116 0.508420830078125 0.66694090625 0.45702428424878 0.6754440115559885 0.47111116601562497 0.7605913828125002
7 0.5244805532295979 0.8015144938648971 0.514809283203125 0.7327410136718749 0.47372716747352717 0.7385181858226026 0.4833984375 0.8072916660156249
7 0.4713539328554576 0.6732668852203488 0.4366482246093751 0.6705555019531249 0.43008619995704245 0.754549423373401 0.464791908203125 0.757260806640625
7 0.5092586632938307 0.5969338562779294 0.4646249998440595 0.5933472226437191 0.4570382115502288 0.6877605890220397 0.501671875 0.69134722265625
7 0.5456944063129981 0.6137586678151926 0.50677843359375 0.6121950800781251 0.503992300718252 0.6815388517160577 0.5429082734375001 0.6831024394531252
7 0.5932539943440748 0.5887557346945855 0.5737577363281251 0.504094388671875 0.5291537634684254 0.5143660250710393 0.548650021484375 0.5990273710937499
7 0.44985616940639284 0.38517982707916504 0.3988396914062499 0.34087604296875007 0.3118826743436071 0.44100836432708507 0.36289915234375003 0.48531214843750003
7 0.37105247710152267 0.5108424978492092 0.3298350800781251 0.5096832578125001 0.3278189955547275 0.5813662169945409 0.36903639257812504 0.58252545703125
7 0.4605281493782755 0.7579112961991723 0.4262785820312502 0.7454454609375001 0.4040364463248498 0.8065551666914529 0.43828601367187514 0.8190210019531251
7 0.5591935925720521 0.7309362200263683 0.556936578125 0.6691442265625002 0.5080924484435728 0.670928307317382 0.510349462890625 0.7327203007812501
7 0.5893579275388925 0.715949978546037 0.55527414453125 0.6499705019531251 0.529065079888604 0.6635096222711724 0.5631488628962464 0.7294890988640843
7 0.5980828261359443 0.7016503821154093 0.578220017578125 0.6530968457031251 0.5566215647690613 0.6619325756002986 0.5764843733268806 0.7104861120125828
7 0.6402139388178112 0.7401313235910588 0.6119345234375001 0.6534511249999999 0.5706845104009389 0.6669089420339411 0.59896392578125 0.753589140625
7 0.6101258831086993 0.7617699733344827 0.5802020546875 0.7003877617187502 0.5552472926725506 0.7125532083061425 0.5851711210937499 0.7739354199218751
7 0.5856842658405704 0.7532506630749904 0.546594326171875 0.7086505332031252 0.5265316697063045 0.7262345185656351 0.565621609375 0.7708346484375004
7 0.6048667837852082 0.8355832621121781 0.5870567402343749 0.7451195546875 0.5545660697304167 0.7515161558565719 0.5723761132812499 0.84197986328125
7 0.576677296308222 0.8517357075547146 0.546517890625 0.72152366796875 0.49908546345740296 0.7325098549452854 0.5292448691406249 0.86272189453125
7 0.5294764820132077 0.8588998747525397 0.5158382167968751 0.7833100214843751 0.4717187191586674 0.7912702619662104 0.4853569843750001 0.866860115234375
7 0.3993778740962122 0.5949282653288589 0.3317695820312501 0.5799468828125001 0.3082608329350381 0.6860376506867663 0.3758691250000002 0.7010190332031251
7 0.36533683250658777 0.3739163990565991 0.326407759765625 0.36821702343749996 0.3154948764777873 0.4427564915684009 0.35442394921875003 0.4484558671875001
7 0.377363733841923 0.4987529865223795 0.3537637236701664 0.4674924909434275 0.2969369292813685 0.5103936958272982 0.3205369394531251 0.5416541914062502
7 0.3789361682490986 0.5186833746706263 0.366532078125 0.47745625390625007 0.3517709313602763 0.48189747103249897 0.36417502148437497 0.5231245917968752
7 0.458966684428191 0.5987092555697541 0.40830242968749997 0.5171166250000002 0.36325683119680885 0.5450873088833712 0.4139210859374999 0.6266799394531251
7 0.475895660271174 0.5025268480718332 0.4271428125000001 0.49452833398437507 0.4107684022288262 0.5943342632562919 0.45952125000000016 0.6023327773437501
7 0.5008486296432524 0.4824451698097584 0.4727348099102749 0.47202229077961283 0.4481928111263976 0.5382198670636044 0.476306630859375 0.54864274609375
7 0.4740768132359673 0.6171965872077778 0.4241842832031252 0.5855187910156252 0.404297409420283 0.6168406178703476 0.45418993945312514 0.6485184140625002
7 0.5480772496007451 0.5114143291360911 0.5384802578125 0.43946006835937507 0.4969984691833921 0.4449927551042313 0.5065954609716372 0.5169470158809474
7 0.5959123116502971 0.4022794541906578 0.541763822265625 0.37602564062500005 0.5231021118060807 0.414515417669821 0.5772506011907528 0.44076923123547873
7 0.6127936272602115 0.4621855005153944 0.610219556640625 0.432606669921875 0.5727379078960386 0.4358684760471056 0.5753119785156251 0.46544730664062495
7 0.5938448679766362 0.4449718551912615 0.5409503925781252 0.4165427812500001 0.524740210148364 0.44670307058998865 0.577634685546875 0.4751321445312501
7 0.4838481568791453 0.7667539414637033 0.44169759960937505 0.7655060625 0.4391490794489798 0.8515893671300467 0.48129963671875003 0.8528372460937501
7 0.4497871375584814 0.6227351644126015 0.3891234238400834 0.6179737693788911 0.3823657550316021 0.7040714955912898 0.44302946875000004 0.7088328906250001
7 0.4103047070236484 0.6180027621555604 0.39510740745325845 0.6108899039459116 0.36956832542961005 0.6654565871028512 0.384765625 0.6725694453125
7 0.357952351974304 0.7034993809392688 0.32986856640625006 0.7018651953125 0.3258118941194462 0.7715798671076062 0.35389567968750013 0.7732140527343749
7 0.37564085658396384 0.6916640849749344 0.35054724023437506 0.6894056601562502 0.3472134481035363 0.726447805650066 0.3723070644531251 0.7287062304687502
7 0.4936000125648856 0.5500300900539893 0.46715612109375004 0.5408219492187502 0.4417521886069895 0.613776831821011 0.4681960800781251 0.62298497265625
7 0.51015625 0.570833333984375 0.47421875000000013 0.570833333984375 0.47421875000000013 0.613541666015625 0.51015625 0.613541666015625
7 0.5751135300742228 0.5991282593478607 0.5395412304687501 0.5967271289062501 0.5350057511757775 0.6639194086208894 0.5705780507812502 0.6663205390625
7 0.5638408184115455 0.3907135350097647 0.5418780039062498 0.3405128203125 0.5250474022915792 0.3478762091308604 0.5470102167968749 0.3980769238281251
7 0.5576082279373065 0.3966199123305631 0.509085462890625 0.3169928125 0.48830331307831853 0.32965693532568685 0.536826078125 0.4092840351562499
7 0.38044629071274905 0.5781455657089096 0.336113619140625 0.566020392578125 0.32735266045912603 0.5980526530410903 0.37168533203125 0.6101778261718751
7 0.5318881773859954 0.5113774412889627 0.47968616398024916 0.5091751699184051 0.47690501198487906 0.5750988048013174 0.5291070253906253 0.577301076171875
7 0.5223633130144123 0.5774298846115202 0.5059280703125 0.576659482421875 0.5042247787824627 0.612996359529105 0.5206600214843751 0.6137667617187502
7 0.62109375 0.64722222265625 0.583984375 0.64722222265625 0.583984375 0.6788194453125 0.62109375 0.6788194453125
7 0.6069545815511304 0.6570527148168932 0.592267953125 0.5767899863281251 0.5587834829019945 0.5829170390893569 0.5734701113281249 0.663179767578125
7 0.6258175817487415 0.6495345765411525 0.6043729882812499 0.5888831992187499 0.5853057438093011 0.5956248318790058 0.6067503372767926 0.6562762092014085
7 0.4396889526552777 0.7595501592576802 0.433566310546875 0.696753826171875 0.40803815476659727 0.6992428212110697 0.41416079687499996 0.762039154296875
7 0.6466680085929759 0.7732877538396425 0.626046228515625 0.7186179277343752 0.5992721242195238 0.7287172774103577 0.619893904296875 0.7833871035156251
7 0.6231152629948743 0.7530034217418631 0.60234375 0.7413194453125002 0.5798144245051258 0.7813715782581373 0.6005859375000001 0.7930555546875002
7 0.5879495433233233 0.455785470070856 0.53890097265625 0.4522254921875001 0.5340609957391768 0.518909600241644 0.58310956640625 0.5224695781250001
7 0.6024389011876721 0.4806986673736051 0.5832012521243128 0.47473597796331546 0.5661982786710158 0.5295933105897104 0.585435927734375 0.535556
7 0.610546875 0.551388888671875 0.587890625 0.551388888671875 0.587890625 0.5913194453125 0.610546875 0.5913194453125
7 0.627210941595767 0.5605451443367971 0.599783486328125 0.4914685976562502 0.564899425591733 0.5053196232413282 0.592326880859375 0.5743961699218751
7 0.565563340178636 0.46007721103101684 0.48422076757812504 0.29940051953125 0.4258459781807393 0.32895275576585825 0.5071885507812501 0.4896294472656251
7 0.4694654180068097 0.3765268830070211 0.4406753574218751 0.369529298828125 0.42697027925881537 0.425915906055479 0.45576033984375 0.43291349023437503
7 0.4721719325241064 0.34334898379131135 0.43302191796875006 0.32375710156250004 0.3790220831008938 0.4316637486305638 0.41817209765625013 0.45125563085937503
7 0.3719315205870759 0.7665739978989455 0.3714169179687499 0.726320591796875 0.352403690350424 0.7265636583510545 0.35291829296875 0.766817064453125