5 0.6260919953271715 0.403063035154402 0.5069837421875 0.33592342382812507 0.46777181521970335 0.4054868906268481 0.5868800683593749 0.47262650195312506
5 0.5758206601384083 0.548193826223692 0.5265625000000002 0.5204861113281251 0.47261683986159186 0.6163895077606831 0.521875 0.64409722265625
5 0.5384992948133136 0.694848892904189 0.5186138476562498 0.6214256992187501 0.48619707836703396 0.6302052404011336 0.5060825255240977 0.7036284340865725
5 0.5068625123123568 0.6203827556175868 0.44763004882812507 0.5884822929687501 0.3851369642501433 0.7045188342261632 0.44436942773437504 0.7364192968750001
5 0.45312700950043594 0.5927818045570046 0.42265291796875004 0.572249466796875 0.372696302999564 0.6463950645836205 0.4031703945312499 0.66692740234375
5 0.42580713794824276 0.586831247271979 0.40676655664062505 0.506291775390625 0.3607374968173822 0.517173645306146 0.3797780781249999 0.5977131171875
5 0.42454892119755644 0.5559508587761188 0.34492895507812504 0.46282808984374996 0.29429963153681865 0.506116160755131 0.37391959765625005 0.5992389296875
5 0.40227288110555826 0.6755995625128888 0.36955774688724763 0.6485374111501245 0.3189636138285644 0.7097000966841109 0.35167874804687504 0.7367622480468752
5 0.42315586090059 0.7266572171178872 0.4107717539062499 0.6468485273437501 0.37256193988065994 0.6527776363977379 0.384946046875 0.732586326171875
5 0.42069839760502753 0.7344835534504808 0.3753293535156251 0.6913419296875001 0.35223201157589623 0.7156317971845775 0.3976010556652987 0.7587734209475582
5 0.594514068314092 0.5849919024944116 0.5743802167968751 0.4941314472656251 0.5330728125452829 0.5032847928180885 0.5532066640625 0.594145248046875
5 0.6224415630941343 0.6680404038825948 0.6018735332031249 0.5849372578125 0.569202936450369 0.5930232309957657 0.5897709663413785 0.6761263770658604
5 0.569792448178288 0.6280979186475886 0.5694336132812499 0.59358248046875 0.531707881899837 0.5939746907274114 0.5320667167968751 0.62849012890625
5 0.5837707963385796 0.7028759899187894 0.57693505078125 0.6165297285156252 0.5205379320233858 0.6209945003277506 0.5273736775807156 0.7073407617309149
5 0.584263623613231 0.7588869080738541 0.56076948828125 0.6852244863281252 0.5258693158398939 0.696355662238646 0.549363451171875 0.7700180839843751
5 0.5624457056844845 0.7478590152692608 0.5323828125000001 0.7422222226562502 0.5205621068155156 0.8052659847307396 0.550625 0.8109027773437503
5 0.6091015751246254 0.7494212470647243 0.563268662109375 0.7378197910156251 0.5445366787816248 0.8118226884821509 0.5903695917968752 0.8234241445312501
5 0.6113459479924942 0.811870250689719 0.608851103515625 0.7542116015625001 0.5912758352106308 0.7549720696227812 0.5937706796875 0.81263071875
5 0.6357601330406673 0.7081100100891548 0.6133046875000001 0.7063055546875 0.607942991959333 0.7730288785827204 0.6303984375000001 0.7748333339843751
5 0.6177419331306144 0.7604950205497991 0.6152247695312499 0.7112704921874999 0.5791330668693854 0.7131160907783258 0.5816502304687499 0.762340619140625
5 0.6181087475531427 0.6606109108951163 0.5852422480468751 0.6603127265625001 0.5846787602593575 0.722421526604884 0.6175452597656251 0.7227197109375002
5 0.613018810364063 0.7285013036050316 0.5855053261718749 0.666965763671875 0.5531678891800884 0.6814243279821234 0.5806813733722765 0.74295986791528
5 0.432810836061913 0.8279890405887353 0.42531486523437506 0.7369268906250002 0.38579606237558706 0.7401799633175148 0.393292033203125 0.83124211328125
5 0.40001112983401366 0.7356111857203457 0.37756078515625013 0.7320918183593752 0.3672605342284866 0.7977979978734047 0.3897108789062501 0.8013173652343751
5 0.38680306484388766 0.7273934204599385 0.3616521132812501 0.7183905234375001 0.34141614414048754 0.7749227572744368 0.3665670957031251 0.7839256542968752
5 0.40702363914473805 0.8241057038426044 0.3680996328125 0.7706343437500001 0.33999108741776196 0.7910957121730208 0.37891509375 0.8445670722656251
5 0.44950911326743354 0.760247251721751 0.4316326640625 0.7145629863281251 0.40931901173256646 0.7232944142938741 0.42719546093749994 0.7689786796875
5 0.6281103423353217 0.633944672338563 0.600048076171875 0.5698023515625 0.5879533588365531 0.5750937905520621 0.616015625 0.6392361113281251
5 0.6230999030035824 0.5655677192509516 0.588187197265625 0.49777142187500006 0.5613391321526675 0.5115972299677986 0.596251837890625 0.57939352734375
5 0.6100620683781306 0.5158971270919237 0.593609705078125 0.44630551171874994 0.5536284942252534 0.455757590142254 0.570080857525259 0.5253492055154279
5 0.5873922103800535 0.49627632569501523 0.5563694140625002 0.48176273828125005 0.5461003423543216 0.5037128813362349 0.577123138671875 0.5182264687500001
5 0.3695949120344867 0.7672979882173835 0.339311498046875 0.656931763671875 0.2841248477311383 0.6720744414701165 0.31440826171874997 0.782440666015625
5 0.3836257608370388 0.8107972073334069 0.34237980664062506 0.7463055410156251 0.31090094814733626 0.7664379957915933 0.35214690234375 0.8309296621093751
5 0.3372875762636842 0.7532526391036453 0.3224908085937501 0.74971813671875 0.314482593658191 0.7832435620682298 0.32927936132812513 0.786778064453125
5 0.3746383379561773 0.671443580414598 0.358596400390625 0.611236802734375 0.3293987089188227 0.6190164508354021 0.345440646484375 0.6792232285156251
5 0.4184287478991789 0.3532418656511871 0.342896177734375 0.323587337890625 0.2918002208508212 0.4537330269269379 0.3673327910156251 0.4833875546875
5 0.3512456529663541 0.4878454245655091 0.3375563515625 0.44853255859375013 0.3193409232055208 0.4548754309032411 0.3330302246093749 0.4941882968750001
5 0.44535442970750216 0.3351825978435226 0.3929082050781251 0.3262166074218751 0.366159744120623 0.4826807263752276 0.4186059687500001 0.4916467167968751
5 0.5095278360594953 0.37874798167910595 0.48178902929687506 0.3681601777343751 0.45795920104987986 0.4305915378521442 0.48569800781250005 0.44117934179687507
5 0.4646567303649802 0.39313333737471756 0.441632044754111 0.391140816391732 0.4379511991547559 0.43367502979826444 0.4609758847656251 0.4356675507812501
5 0.399209699107754 0.3489941461381725 0.36574914843750006 0.34744235156250003 0.3646187637786794 0.371816256295963 0.39807931444893335 0.37336805087163544
5 0.315458695922693 0.5863276316353937 0.28912405664303603 0.5854018046189203 0.28696940954846817 0.6466895538429017 0.3133040488281251 0.6476153808593751
5 0.35107590816490497 0.6611817558838032 0.32016433203125005 0.63920019140625 0.3059957519913452 0.6591247577880716 0.3369073281250001 0.6811063222656248
5 0.39109311424682336 0.5762009827778081 0.3148695683593751 0.5237460683593751 0.28767204723485473 0.5632674653999394 0.363895593122303 0.6157223798183725
5 0.3431912045261961 0.6577346791020128 0.335219744140625 0.57900421484375 0.30818181695817887 0.5817418052729872 0.31615327734375 0.66047226953125
5 0.3729475790143303 0.6267253298429979 0.33524430273437505 0.5861774980468751 0.31661051759445175 0.6035040656622374 0.354313793874407 0.6440518974583601
5 0.3371293720574878 0.49010777387955917 0.3239409168387666 0.48548640976029267 0.30303600962502886 0.5451448624432336 0.31622446484375005 0.5497662265625001
5 0.5277217400969483 0.35364689048919173 0.473777603515625 0.3176138964843751 0.4100630450593017 0.41299944349518347 0.46400718164062504 0.4490324375000001
5 0.5362550142120432 0.38340713642221147 0.50489416796875 0.37556692382812507 0.4902430209442067 0.4341715042027886 0.5216038671875 0.442011716796875
5 0.6056657690214988 0.5968924768888209 0.5916369816722118 0.5669059437100947 0.5460009646038381 0.5882561269775238 0.5600297519531251 0.61824266015625
5 0.5779480892637506 0.46618327065015214 0.5567655605468749 0.43771027929687495 0.5422379983049521 0.44851808310496727 0.5634205270218278 0.47699107445824446
5 0.5285816559144462 0.38679436924235333 0.4933965976562499 0.32085339843749994 0.469721472180605 0.33348607064361435 0.5049065304388013 0.3994270414484677