5 0.6069849342989115 0.5361823924496195 0.561846328125 0.503885720703125 0.4981110852323385 0.5929636309878805 0.54324969140625 0.625260302734375
5 0.666603301745968 0.6340308692532645 0.6095703125 0.5326388886718751 0.5632795107540319 0.5586774647311107 0.6203124999999999 0.6600694453125
5 0.6544828282077347 0.3809848606441422 0.6122474351769875 0.36881643292446764 0.5842394839223777 0.4660292246240755 0.6264748769531249 0.4781976523437501
5 0.5502937833938389 0.5759352969211029 0.4891135937500001 0.5635756640625 0.4794729959030362 0.6112966288601471 0.540653185546875 0.6236562617187501
5 0.47041021652559295 0.5503437869119132 0.41560537304687506 0.549380419921875 0.41443715261503217 0.6158391408224618 0.46924199609375006 0.6168025078125
5 0.5062952459451937 0.5883988300407257 0.47623961328125 0.5155366894531249 0.4439700626485562 0.5288478789436493 0.47402569531249994 0.60171001953125
5 0.5019974847660995 0.4796848973202541 0.4623788144531251 0.47337067187500015 0.4510063296870257 0.5447274405703711 0.4906250000000001 0.5510416660156251
5 0.5864110681326299 0.4034933813008189 0.5327211553345506 0.3661621145978515 0.46291479423317083 0.46655778212515764 0.5166047070312502 0.5038890488281251
5 0.5018633605011591 0.7412750259283512 0.438998297610582 0.6924117275692623 0.34125975742192305 0.8181572192190364 0.4041248203125001 0.8670205175781251
5 0.5151683046240848 0.7685202359830092 0.47421875 0.7454861113281251 0.42877700787591533 0.826271430032616 0.4697265625000001 0.8493055546875001
5 0.545703125 0.742361111328125 0.4914062500000001 0.742361111328125 0.4914062500000001 0.821875 0.545703125 0.821875
5 0.5898603471047983 0.6696367083632421 0.545499140625 0.6517291328125001 0.5042874146139518 0.753820109996133 0.54864862109375 0.7717276855468751
5 0.5939913092829324 0.8359488011328324 0.5917156386718749 0.7752642578125 0.5382231536076925 0.7772702262109176 0.54049882421875 0.83795476953125
5 0.5896735534041762 0.7832346245585575 0.5843249921875 0.72359005859375 0.5498367005176544 0.7266827584276894 0.5551852617343305 0.786327324392497
5 0.6291529091135241 0.7149681251205463 0.5845607070312498 0.7126878417968749 0.5811314151052259 0.7797495428482037 0.6257236171875001 0.7820298261718751
5 0.6382570260129515 0.7882854812763204 0.5900929375000002 0.7706912929687502 0.5764495775026737 0.8080399894268051 0.624613666015625 0.8256341777343752
5 0.5067234926811777 0.6541140364209976 0.458774539370504 0.6333668938194188 0.4146062283299514 0.7354447714609212 0.46255518164062503 0.7561919140625001
5 0.5564113522477845 0.7252406015580567 0.511715369140625 0.6356909765625 0.46374147236049046 0.6596356941442418 0.5084374554676498 0.7491853191397986
5 0.5042271285108382 0.7527530521009954 0.49985700585937504 0.7052751835937501 0.4686230511766619 0.7081501275865046 0.472993173828125 0.75562799609375
5 0.5958723469566499 0.6170543649445489 0.5906657871093749 0.5665017851562502 0.5498846860474284 0.5707019514822018 0.5550912458947034 0.6212545312705006
5 0.6082405468747772 0.4877291631678413 0.541531298828125 0.4254169472656251 0.5049755390627227 0.4645522469884089 0.571684787109375 0.526864462890625
5 0.6584519574838821 0.504210100958694 0.627170330078125 0.45877587109375007 0.5591906538442428 0.5055801177913061 0.59047228125 0.55101434765625
5 0.5477069886392097 0.4978516413877031 0.5130056000503253 0.4791128917615507 0.47744181258299057 0.5449717581863477 0.5121432011718751 0.5637105078125001
5 0.44393443629536056 0.4233541131509264 0.4216301423740456 0.420665650130605 0.41631613381306004 0.4647522557296786 0.43862042773437504 0.46744071875000004
5 0.44448131039434835 0.6784956747140858 0.430074251953125 0.607349701171875 0.3875222736669621 0.6159664760564677 0.4019293321081855 0.6871124495986785
5 0.43179828493710115 0.5711575904199656 0.3712159355468751 0.4969629101562501 0.328357051000399 0.5319585716894096 0.388939400390625 0.6061532519531251
5 0.45983809605662185 0.47489008928328763 0.43301254882812495 0.44743834375 0.3790213805058781 0.5001979263417125 0.405846927734375 0.5276496718750001
5 0.3744923236793081 0.6990581835531173 0.350306322265625 0.6850412949218752 0.32267560014881697 0.732717830118758 0.34686160156250007 0.7467347187500002
5 0.391392964543272 0.6424519069348615 0.36335065625000007 0.634868349609375 0.3434003518629782 0.7086401379870135 0.3714426601562501 0.7162236953125001
5 0.44138897406826894 0.6608867409814834 0.3981043203125001 0.6547998359375001 0.3899644263223563 0.7126835207372669 0.4332490800781251 0.7187704257812502
5 0.4750000000000001 0.61597222265625 0.43515625000000013 0.61597222265625 0.43515625000000013 0.659375 0.4750000000000001 0.659375
5 0.5249697969555412 0.6212539373187822 0.476642921875 0.599775326171875 0.46124343701675263 0.6344241671029318 0.5095703120972939 0.655902778249839
5 0.5703910141076233 0.6354974173801876 0.54606390234375 0.6003099863281252 0.4908826519080017 0.6384599849635625 0.515209763671875 0.673647416015625
5 0.6162813950058595 0.677080668704937 0.613868248046875 0.613283056640625 0.5474797397597655 0.6157942043419381 0.54989288671875 0.6795918164062501
5 0.6942884133902077 0.6894988455930082 0.6490234375 0.60902777734375 0.6143053366097923 0.6285567090944919 0.6595703125 0.7090277773437501
5 0.6901634694522233 0.5668998933635034 0.6338165390624999 0.53275023828125 0.6142704231259015 0.5650013292927466 0.6706173535156249 0.599150984375
5 0.6994128128973813 0.6337127950776819 0.6407044843749999 0.5697438652343751 0.6128836011651185 0.5952768475004434 0.6715919296874999 0.6592457773437501
5 0.6784463351497756 0.7496429615957357 0.6567569354389676 0.7301225018560086 0.6234826510704421 0.767093928932148 0.6451720507812501 0.7866143886718752
5 0.6568149593418467 0.4663523126883016 0.65408916796875 0.425508734375 0.6275653512050282 0.42727886309294844 0.6302911425781249 0.46812244140625003
5 0.42026767783551205 0.758122180371613 0.41535898632812496 0.7001382597656249 0.34692424208636286 0.7059316770502618 0.35183293359374995 0.76391559765625
5 0.47471026660545523 0.8392776650454138 0.453145095703125 0.801538615234375 0.3894332939414198 0.8379453583920863 0.41099846484375 0.8756844082031251
5 0.4889149759878856 0.48795644234905783 0.48783524609375 0.45971205859375003 0.4631368130746144 0.46065623343219214 0.46421654296875 0.48890061718749994
5 0.5226926218630742 0.5073250599841924 0.498649666015625 0.404238931640625 0.45264783516817575 0.4149680181408075 0.47669079101562495 0.5180541464843749
5 0.5884968078065996 0.41085643839183084 0.5825203164062501 0.38353533593750005 0.5670703835996505 0.3869150088737942 0.573046875 0.414236111328125
5 0.3523455186088855 0.7627517081482434 0.34950498437500005 0.693063970703125 0.3100155653754895 0.6946735945861316 0.312856099609375 0.7643613320312501
5 0.35296884937333317 0.7772299181876356 0.34886147070312507 0.7564363144531251 0.3234078654704169 0.7614641872811144 0.327515244140625 0.782257791015625
5 0.37945135853994494 0.44375966848636383 0.35720101757812506 0.438219880859375 0.34145339927255514 0.5014695756542613 0.363703740234375 0.5070093632812501
5 0.41295491390390965 0.44611274872370815 0.3708741660156251 0.4412645898437501 0.36116217984609056 0.525562083307542 0.4032429277343751 0.5304102421875001
5 0.40636751301454577 0.6554230182339257 0.40272797070312505 0.5842497714843751 0.34804142643857927 0.5870462434848245 0.35168096875 0.6582194902343751
5 0.36497074483529374 0.5850224526035658 0.34610187312461854 0.5811806695400393 0.3321846204768249 0.6495350899833486 0.3510534921875001 0.6533768730468751
5 0.35993058330605354 0.5721804665443173 0.33237028264707524 0.5635678728731094 0.3094643165285217 0.6368669668756671 0.3370246171875 0.645479560546875
5 0.3589235196963812 0.649661347394414 0.3400232946255943 0.6467250624539707 0.3315981460229632 0.7009559045126819 0.35049837109375015 0.7038921894531251
5 0.3584758197306507 0.6420368586095352 0.3200858083396986 0.6369558280913754 0.31216198665592293 0.6968247077630901 0.35055199804687504 0.7019057382812499
5 0.5636675177076945 0.41504544712042346 0.5606568338890375 0.35351462305153986 0.495617628681343 0.35669697085299146 0.4986283125 0.41822779492187506
5 0.5935609942596095 0.3552755122261626 0.5578265800781249 0.34555800000000003 0.5319840330841404 0.4405893471488376 0.567718447265625 0.45030685937500015
5 0.6194648838888575 0.40299391613394553 0.575053005859375 0.3285511503906251 0.5499456668923923 0.34352996081917986 0.594357544921875 0.41797272656250023
5 0.5618583994909717 0.3335483219002184 0.4939558691406249 0.31342905468750004 0.48424590714965327 0.34620017809978165 0.5521484375 0.36631944531250005
5 0.3830422955195385 0.5031218339212848 0.363648787109375 0.49130391406249996 0.3301671947148366 0.5462480625630903 0.3495607031250001 0.5580659824218751
5 0.35925804626505253 0.4968311247288547 0.34514515625 0.49256785546875004 0.3274271197505725 0.5512206604273955 0.34154000976562504 0.5554839296875
5 0.41999455966115595 0.4672846469126234 0.415354279296875 0.437586853515625 0.39982268252634395 0.4400136655873767 0.4044629628906249 0.4697114589843751
5 0.37830634238553024 0.8421496466230479 0.372159796875 0.7740154062500001 0.3456159193332198 0.7764099900957023 0.35176246484375 0.8445442304687502
5 0.40538174517213243 0.8469045826044533 0.38750735351562493 0.7662771484375 0.36314260248411745 0.7716785990361719 0.38101699414062495 0.8523060332031251
5 0.3603549764011157 0.7846192275026785 0.35112385483357855 0.7812070095308385 0.3401795581199629 0.81081477030941 0.34941067968750006 0.8142269882812501
5 0.37329349276600365 0.7611461172873129 0.3566723734014041 0.753318729715923 0.3422114958697756 0.7840257784442352 0.35883261523437515 0.791853166015625
5 0.4237755478333321 0.44239357296743387 0.42232059765625 0.35800646875000003 0.3496655615416679 0.35925914187631613 0.35112051171875 0.44364624609375
5 0.4543552712682936 0.4181583700668434 0.40563614648437507 0.3995986992187501 0.3961342131067065 0.4245412686050318 0.44485333789062503 0.4431009394531251
5 0.49069468514664916 0.42396219186271683 0.441141310546875 0.31553771484375004 0.39908118702297746 0.3347605058038381 0.4486345616227516 0.4431849828228049
5 0.5017950389708645 0.38005636801200704 0.4581535488281249 0.3197125800781251 0.4348207247010103 0.3365872120661182 0.47846221484374996 0.3969310000000001
5 0.597973951916125 0.43413107535782414 0.5960043554687501 0.409203357421875 0.5688287668338752 0.41135056331405095 0.5707983632812501 0.43627828125000007
5 0.4876624888812954 0.37770330672634184 0.47055469922333193 0.37687372646801254 0.46837218299828665 0.4218820642729208 0.4854799726562501 0.4227116445312501
5 0.6042966351937803 0.6765061984555955 0.5752223554687501 0.672045939453125 0.5689245191030948 0.7130985007631545 0.597998798828125 0.717558759765625
5 0.6529884395292656 0.6807860918735458 0.6106776796875001 0.6736461523437501 0.6005486874238599 0.7336698202358296 0.6428594472656253 0.7408097597656252
5 0.6594648840598948 0.6774725019365464 0.6355178136356707 0.6332131859891693 0.5709349315289008 0.668156582490123 0.594882001953125 0.7124158984375001
5 0.6644100429479587 0.5089817679786953 0.6294094667968749 0.5074673203125 0.6276809492395412 0.5474152906150547 0.662681525390625 0.54892973828125
5 0.6553681561776992 0.5136608750676901 0.6285590078125001 0.45934983593750006 0.6108800977285509 0.46807654290106004 0.63768924609375 0.5223875820312501
5 0.6771368903866761 0.7383061277074524 0.67632914453125 0.6813450761718749 0.640891156488324 0.6818476105737975 0.64169890234375 0.738808662109375
5 0.6406813748662554 0.7749605381671744 0.638113009765625 0.7293007421875 0.6229266837274946 0.7301549735515755 0.625495048828125 0.77581476953125
5 0.483226426572694 0.5255656950894869 0.4504771982750062 0.4829661140067708 0.37092515842106216 0.544123239229784 0.40367438671875 0.5867228203125001
5 0.5690346834528636 0.52428763735322 0.554277740234375 0.49776562890624987 0.5134857286565114 0.5204624544436547 0.528242671875 0.5469844628906249
5 0.6129346202182885 0.5306191202989435 0.561948078125 0.497777544921875 0.5443036917089906 0.5251704528558307 0.5952902338022791 0.5580120282328993
5 0.42590218872996366 0.5713420969494413 0.41052838476562503 0.5613288945312501 0.38853660619191144 0.5950940456286837 0.40391041015625007 0.605107248046875
5 0.43789265888217715 0.6233802196259969 0.41027635937500007 0.586781650390625 0.3933812473678229 0.599530249124003 0.42099754687499996 0.6361288183593748
5 0.379666679600254 0.5739459957526968 0.3451171875000001 0.5534722226562501 0.33181769539974626 0.5759151155754284 0.3663671875000002 0.5963888886718751