5 0.5296875 0.6694444453125 0.4855468750000001 0.6694444453125 0.4855468750000001 0.748958333984375 0.5296875 0.748958333984375
5 0.4869370289173795 0.6730344467823807 0.4540497519531251 0.671896041015625 0.4513013910044957 0.7512931332957444 0.4841886679687501 0.7524315390625002
5 0.4815084346228733 0.8040227587609158 0.44511607421875 0.74631955859375 0.4153996200646267 0.7650611865515843 0.45179198046875 0.8227643867187501
5 0.3640701153877479 0.3729760046476587 0.3204135371501573 0.36660067550198366 0.30683253113740944 0.4595998349168251 0.35048910937500005 0.4659751640625001
5 0.6091870804247098 0.8248636227876907 0.592623798828125 0.7414337597656248 0.5654547477002901 0.746827615493559 0.582018029296875 0.8302574785156249
5 0.5752013851926244 0.7279212588581624 0.56811576953125 0.6617888398437501 0.5217727671511255 0.6667541610637128 0.5288583828125 0.732886580078125
5 0.55859375 0.60972222265625 0.521484375 0.60972222265625 0.521484375 0.6774305546875 0.55859375 0.6774305546875
5 0.5906088745873702 0.656022641519504 0.56796875 0.5805555546874999 0.5382716937720047 0.5894646709804959 0.5609118183593749 0.6649317578125
5 0.5878187938689551 0.4079540505369406 0.5461755273437502 0.3824256113281252 0.5285754167317745 0.4111357918092922 0.5702186832569794 0.43666423101810764
5 0.5559856370279791 0.5094932380529312 0.5503918359375001 0.4427227890625 0.5094722496907709 0.4461508928064438 0.51506605078125 0.512921341796875
5 0.5097230330144895 0.5579167789941006 0.4862523398437498 0.545888048828125 0.4545105372980103 0.6078232737402742 0.47798123046874996 0.61985200390625
5 0.522218631182516 0.6128344486178501 0.5211366210937499 0.5691419101562499 0.48813798991123386 0.5699590943508999 0.4892199999999999 0.6136516328125
5 0.5382153116630058 0.6101236049860725 0.5292564648437499 0.5703065136718749 0.5143843641182442 0.5736527368108022 0.5233432109375 0.6134698281249998
5 0.4858867885396864 0.6840444348238583 0.47805889453124994 0.633018162109375 0.45779710599156354 0.6361265046292667 0.465625 0.68715277734375
5 0.4888002433761559 0.6245995372038078 0.4396849531249999 0.58553708203125 0.4179528581863439 0.6128619940461922 0.46706814843749994 0.65192444921875
5 0.5460870672498346 0.7982612029020756 0.52812384375 0.726683609375 0.4866607393907905 0.7370892541291745 0.504623962890625 0.8086668476562501
5 0.46679160745014897 0.6233200873717141 0.4079339101562501 0.617802177734375 0.3996674296592262 0.7059779614564109 0.4585251269531251 0.71149587109375
5 0.5004867019812292 0.7612582741106014 0.45866394921875003 0.76016407421875 0.4562995909875209 0.8505351028425235 0.4981223437500001 0.851629302734375
5 0.5374996829849571 0.7878528588663328 0.5001179609375 0.7857501367187499 0.496138543577543 0.8564953247274171 0.5335202656250001 0.858598046875
5 0.6040647082570458 0.706716923239096 0.5790653574218751 0.6380318437500001 0.5497462663523291 0.6487031314484042 0.5747456171875 0.7173882109375
5 0.523245999298029 0.6846603983858971 0.520264609375 0.597206337890625 0.4769555671082211 0.5986827832547279 0.47993695703125 0.68613684375
5 0.5420463557723743 0.5118720760812986 0.49137283593750003 0.5113720078125001 0.4907184567276259 0.5776823496999516 0.5413919765625 0.57818241796875
5 0.45203346501663866 0.3965444469706823 0.400064626953125 0.34479961132812503 0.3084153103739864 0.4368456760761929 0.3603841484375001 0.4885905117187502
5 0.47861316781494156 0.34960880976035075 0.43934203035632885 0.32399719863592097 0.3740693254320123 0.4240820138755702 0.413340462890625 0.449693625
5 0.5707961683877417 0.4438586190429654 0.48754180078125 0.2958508515625 0.4296515417151886 0.32841412166085504 0.5129059093216803 0.47642188914132044
5 0.5597471997944954 0.3844804172561658 0.505289521484375 0.322871732421875 0.4873391966898796 0.33873853782195923 0.541796875 0.40034722265625
5 0.5564525580569949 0.38554958292908037 0.5400078125 0.3465694453125001 0.5288990044430051 0.3512559737115448 0.54534375 0.3902361113281251
5 0.6094203972528836 0.44550035262008786 0.5701329179687499 0.433174869140625 0.5630392297002413 0.45578600089553717 0.602326708984375 0.46811148437500005
5 0.5052594709942213 0.5068681581786592 0.45056687695312503 0.48956308007812505 0.4169680739276538 0.5957518926025911 0.47166066796875006 0.6130569707031251
5 0.4738693645813904 0.6091824382577349 0.42447278125 0.515877779296875 0.37783656901235957 0.5405675383047651 0.42723315234375 0.633872197265625
5 0.3722898527854417 0.5124347383374973 0.3328921582168265 0.5091232947588632 0.3274959089470099 0.573324835718241 0.3668936035156251 0.5766362792968751
5 0.3681649256582037 0.4906232573666852 0.33569815234375 0.46938772265625006 0.29072583410742137 0.5381454008364399 0.32319260742187506 0.5593809355468751
5 0.3847141012322145 0.7085154149265595 0.37239319921875 0.5695630312499999 0.3171422347052855 0.5744621319484403 0.32946313671875 0.7134145156249999
5 0.3735033867206945 0.48320965482679273 0.35144377929687504 0.47807509179687513 0.3422509667949306 0.5175701440013325 0.36431057421875007 0.5227047070312502
5 0.38317855408050644 0.698341911537433 0.3582858476562501 0.6902354042968751 0.3441605416226188 0.7336100767438171 0.3690532480468751 0.7417165839843749
5 0.3738304809183882 0.7067365421332741 0.32996228905151415 0.7064897832030632 0.32956362649250104 0.777363026226039 0.3734318183593751 0.7776097851562499
5 0.5836258354261904 0.8193177369846594 0.561991234375 0.7187260859375002 0.5167256744257852 0.7284615095105846 0.5383602754769756 0.8290531605577438
5 0.592307526124376 0.747405543723656 0.563648111328125 0.7032488164062499 0.5445408000474992 0.7156501965107189 0.5732002148437502 0.759806923828125
5 0.6112225964977354 0.756678682904295 0.5903937128906249 0.6987200546874999 0.5679081202991394 0.7068008151425798 0.5887370039062497 0.764759443359375
5 0.6478525234223829 0.7304463705931621 0.61017185546875 0.6467115507812501 0.569322421890117 0.6650937954224632 0.60700308984375 0.748828615234375
5 0.6461703584082277 0.7613455722124598 0.62775012890625 0.713484462890625 0.6031171767480223 0.7229649082562903 0.62153740625 0.7708260175781252
5 0.6182367872609197 0.7358490652029694 0.6004752105716206 0.7308536223946551 0.5884521225294509 0.773602385316686 0.60621369921875 0.7785978281250002
5 0.6082288224308432 0.5954327359567284 0.571228232421875 0.502744390625 0.5270639471004068 0.5203744886526467 0.5640645371093749 0.6130628339843751
5 0.5564838512478671 0.4590798128510234 0.55371239453125 0.44142460351562496 0.5417560178927577 0.4433014762114766 0.544527474609375 0.460956685546875
5 0.5959418889111983 0.45703684080386947 0.5444660019531249 0.45462390820312504 0.5410905036669268 0.5266345263836304 0.5925663906250002 0.5290474589843749
5 0.6294218031924921 0.5453241076018256 0.5923305019531251 0.49847193554687513 0.5674905874325081 0.5181368670075496 0.604581888671875 0.5649890390625001
5 0.6312538838786669 0.6530068969386477 0.5876198808593751 0.5613314179687499 0.5513134637775833 0.578611876498852 0.594947466796875 0.6702873554687498
5 0.6264342445991106 0.6639797142353431 0.61876900390625 0.6366722968749999 0.5817023686821394 0.6470769674052819 0.589367609375 0.674384384765625
5 0.5057358468978616 0.7762711490445524 0.4468591250000001 0.6871080488281252 0.40928906580455254 0.711916539353548 0.46816578770241407 0.8010796395699753
5 0.5916898151819301 0.8098814596139969 0.5737893515625 0.7947779414062501 0.5430537980993199 0.8312052591360033 0.56095426171875 0.8463087773437501
5 0.5090465303071376 0.5498115187185352 0.49910222070312504 0.47909642578124995 0.47358144989228035 0.4826852840537147 0.483525759496293 0.553400376991
5 0.48715206298757174 0.4279498433456013 0.458875837890625 0.36331846679687496 0.42414371826242836 0.3785137679825237 0.4524199433593751 0.44314514453125003
5 0.36798132957978613 0.6738049788950555 0.3500798603812916 0.6598624894969375 0.3159880815827554 0.7036346531800068 0.33388955078124993 0.717577142578125
5 0.331848463755581 0.5369251793484091 0.3197265625000001 0.5368055546875001 0.31949780968191915 0.559985717135966 0.3316197109375001 0.560105341796875
5 0.6104898657848559 0.5895064013006592 0.606188462890625 0.54253234375 0.588170935012635 0.544182204345451 0.5924723379068658 0.5911562618961101