7 0.49180721558460017 0.5214542295114784 0.420341021484375 0.49161270898437504 0.36718242894664993 0.6189199716603966 0.4386486230468751 0.6487614921875
7 0.4678984976760029 0.7203569969752148 0.43122936328124994 0.62507992578125 0.39548740987240505 0.6388358743705151 0.4321565442671579 0.7341129455644799
7 0.5055384727632899 0.7327883853185384 0.468390841796875 0.658743275390625 0.43006434364296015 0.6779712650720867 0.467211974609375 0.7520163750000001
7 0.5483946708843439 0.5630154794713693 0.5231065171937572 0.5119271769578575 0.4302971275594133 0.5578668146739882 0.45558528125 0.6089551171875001
7 0.5658999020128807 0.5836571198871014 0.5238540580186868 0.5699645584064762 0.4955911169433064 0.6567517685974998 0.5376369609375002 0.6704443300781251
7 0.6107440421558681 0.6921800559533439 0.589428197265625 0.5846076249999999 0.5216824988597568 0.598031666702906 0.54299834375 0.70560409765625
7 0.5412655973761955 0.7153938894104191 0.53551916015625 0.6470260410156251 0.49352506668630464 0.6505557180114561 0.4992715039062501 0.7189235664062501
7 0.51171875 0.69722222265625 0.4832031250000001 0.69722222265625 0.4832031250000001 0.7413194453125 0.51171875 0.7413194453125
7 0.5532705277225656 0.8147943816397121 0.5516460058593751 0.7310413359375 0.5175397632930595 0.7317028800790379 0.51916428515625 0.81545592578125
7 0.5425044526145991 0.7859085090597562 0.4968923671875 0.7271895039062503 0.46501248879165086 0.7519533385964942 0.5106245742187498 0.8106723437500001
7 0.5116544637392993 0.8406237156900115 0.49929965234374996 0.776823208984375 0.4622539073544506 0.7839970264974885 0.47460871875 0.847797533203125
7 0.4731161255805114 0.6970961624764018 0.386244974609375 0.67741441796875 0.3542804642632387 0.8184991578360982 0.4411516152343751 0.83818090234375
7 0.4905555806889029 0.7408202286944922 0.4601805701302596 0.7376166150091609 0.4540670597538567 0.7955817632677938 0.48444207031250003 0.7987853769531251
7 0.4338527033455798 0.5748480768690285 0.362856796875 0.47090635742187503 0.3063792536856703 0.5094825364122216 0.3773751601562501 0.6134242558593751
7 0.42616775548591024 0.5952687904539328 0.39672329296875 0.586701974609375 0.37619944568596475 0.6572431958741922 0.405643908203125 0.66581001171875
7 0.42590126120804783 0.3939161949689431 0.31466295703125 0.3130156093750001 0.2617950877256516 0.3857089290069863 0.3730333919024494 0.46660951460092925
7 0.5245296492660877 0.4500558630431917 0.460871890625 0.30225545312499996 0.3773453468276622 0.33823040453493325 0.44100310546874993 0.48603081445312496
7 0.5860198693033188 0.35622443662134207 0.522104421875 0.35506467968750005 0.5204494002279311 0.44627469619115806 0.58436484765625 0.4474344531250001
7 0.5395640252876271 0.34030791483944783 0.47379290429687504 0.3316029140625 0.4540009083061229 0.4811424484418022 0.5197720292968749 0.48984744921875006
7 0.43906930003100975 0.42592212197618284 0.3906096386718749 0.2880813046875 0.3329856511408651 0.30833973739881715 0.38144531249999997 0.44618055468750006
7 0.36907136865487483 0.5606308618871099 0.33068473828125 0.5585139511718751 0.3279120707982502 0.6087916322535152 0.366298701171875 0.61090854296875
7 0.4015574835445543 0.6014111835861481 0.3521821113281251 0.590301724609375 0.33087786020544596 0.684987283210727 0.38025323242187514 0.6960967421875001
7 0.3495676182977881 0.601183550884894 0.32091060354924955 0.5973907106834484 0.3121780262670866 0.6633701832360546 0.3408350410156251 0.6671630234375001
7 0.38018587984649316 0.6949936948114683 0.3644040332031249 0.667589890625 0.32393328421600676 0.6908969887822818 0.339715130859375 0.7183007929687502
7 0.38666457156397194 0.7698545741431915 0.381140982421875 0.6980156015625001 0.3229167370297781 0.7024923750755586 0.328440326171875 0.77433134765625
7 0.40287766044487167 0.8445902229460829 0.382729611328125 0.7473678867187501 0.3377454333051284 0.7566902653351673 0.357893482421875 0.8539126015625
7 0.4624649588997011 0.8638623329304326 0.454787794921875 0.7819725976562499 0.39154158602217387 0.7879019307414422 0.39921874999999996 0.8697916660156249
7 0.41598354675937954 0.8317578969230195 0.3924495195312502 0.8169626074218752 0.36518832824062075 0.8603254370613559 0.3887223554687501 0.8751207265625001
7 0.3352129345863405 0.7888549441133755 0.33175471875000007 0.7273755507812499 0.3056653915855345 0.7288430754178745 0.309123607421875 0.7903224687500001
7 0.31369170652906997 0.811617181370288 0.30755514648437504 0.73984454296875 0.26823012159593007 0.7432068323015871 0.27436668164062505 0.8149794707031252
7 0.28229740408144666 0.7498077771644689 0.26742603515625013 0.7443271640625001 0.25514182443417865 0.7776597540855313 0.2700131933593751 0.7831403671875001
7 0.2997537118461927 0.7558171076478106 0.28797506249999993 0.6985815996093749 0.2609470772163072 0.7041437614928143 0.2727257265625 0.76137926953125
7 0.32862234759331393 0.738728623307148 0.298354380859375 0.694176490234375 0.27593878521918613 0.7094052673178521 0.3062067519531251 0.7539574003906251
7 0.3347198086188348 0.6983159624064492 0.3302906015625 0.615015771484375 0.2663253787776072 0.6184169067396821 0.27075458583394196 0.7017170976617563
7 0.2794510144537874 0.6980300004250217 0.26809023242187513 0.69433774609375 0.25559734687433777 0.7327773921531033 0.26695812890625015 0.7364696464843751
7 0.30649817178068617 0.6018749856569561 0.28443172070312495 0.586542046875 0.24601252939118884 0.641833156921169 0.26807898046875006 0.6571660957031251
7 0.30039062500000013 0.57847222265625 0.2851562500000001 0.57847222265625 0.2851562500000001 0.620833333984375 0.30039062500000013 0.620833333984375
7 0.32255326851416355 0.5109251434582281 0.29428238867187495 0.49882551367187505 0.26080003812646146 0.5770572881823971 0.28907091796875006 0.5891569179687501
7 0.3619552940445791 0.4772194343121713 0.273986501953125 0.4337780566406251 0.24394269618979603 0.4946167649065788 0.3319114882812501 0.538058142578125
7 0.35715497591049944 0.4240065362650277 0.32965027539062497 0.409842583984375 0.30236436979262554 0.46282854771934734 0.3298690703125 0.47699250000000004
7 0.35062540928847863 0.7091795569600627 0.30441092578125006 0.67930352734375 0.28791815711777147 0.7048157789774374 0.33413264062500003 0.7346918085937502
7 0.35541601113450094 0.5588788764308222 0.3306515488281249 0.524909201171875 0.274105441990499 0.5661322602879277 0.298869904296875 0.6001019355468751
7 0.3668480606413436 0.5556979194554006 0.3230819570312499 0.5227185078125 0.2638684002961563 0.6012992504664744 0.30763450390625 0.634278662109375
7 0.5071915559684923 0.5603062053092573 0.49640158398437506 0.46788301171874996 0.4338258014533828 0.4751884392219927 0.44461577343750003 0.5676116328125
7 0.4455512068078253 0.5176696310955277 0.44223547460937507 0.4655247792968751 0.40493723459842473 0.4678964607013475 0.40825296679687495 0.5200413125
7 0.6109375 0.6930555546875 0.574609375 0.6930555546875 0.574609375 0.751041666015625 0.6109375 0.751041666015625
7 0.6409666587659519 0.6603508850959524 0.62503991796875 0.5824868203124999 0.5875461142880887 0.5901560075606074 0.6034728550852906 0.6680200723440599
7 0.6089313525123126 0.6041243268676428 0.6050128984375002 0.5240137070312502 0.5673482549095626 0.5258559993042324 0.571266708984375 0.6059666191406251
7 0.6402724672775649 0.5504441513215865 0.5927883671874999 0.489315197265625 0.5667438510818099 0.5095462061002884 0.6142279511718749 0.57067516015625
7 0.6215878259707941 0.6808424719178758 0.620091572265625 0.6515824238281249 0.6027718048885807 0.6524680944883741 0.6042680585937499 0.681728142578125
7 0.6283574692379315 0.6765836720253704 0.601661998046875 0.6495545078125001 0.5554463334964436 0.69519960922463 0.5821418046875 0.7222287734375002
7 0.5950611017177068 0.4933872235762019 0.5791434042968749 0.4837026035156251 0.5534422654697932 0.5259451436112983 0.5693599628906251 0.5356297636718751
7 0.5827285297579019 0.5033270010839832 0.577853759765625 0.45999572460937505 0.555402595242098 0.4625214813378918 0.5602773652343749 0.5058527578124999