7 0.6473649132457737 0.40764631020866526 0.60638201171875 0.38876679492187505 0.5530125750354763 0.5046190472132099 0.5939954765625001 0.5234985625000002
7 0.552830633841001 0.5334349703848693 0.48508103906250005 0.4417209414062501 0.43403774897149905 0.479426865552631 0.50178734375 0.5711408945312503
7 0.5863083413358684 0.35817543673045577 0.526018435546875 0.34983615625 0.5086844106172566 0.47515472928516933 0.56897431640625 0.4834940097656251
7 0.6467182673096311 0.6356888607146857 0.6387644511718751 0.54377809765625 0.59053787510073 0.5479515514092073 0.598491691238486 0.639862314467643
7 0.5781466443101637 0.4635831658454208 0.541078931640625 0.4477061132812501 0.5088728263929614 0.5228968107170793 0.5459405390625001 0.53877386328125
7 0.6181778145774635 0.6430608927353639 0.5905737460937499 0.581715375 0.5039321151100365 0.6207021111708864 0.53153618359375 0.6820476289062503
7 0.6280483915993994 0.812524180835105 0.618132107421875 0.7193425800781251 0.5532002295162219 0.7262525596047921 0.5631165136937465 0.819434160361772
7 0.5527123391296584 0.6607500972120868 0.53357557421875 0.543895658203125 0.4672616960265915 0.5547556059129132 0.48639846093749994 0.6716100449218749
7 0.4706638235370019 0.3934944481556889 0.3951702438722512 0.38062622618383546 0.37666356486649927 0.4891987584968966 0.45215714453125 0.5020669804687501
7 0.4915579333089579 0.4939992733091741 0.46613663085937496 0.41697948828125003 0.4299072289922895 0.42893743625652353 0.45532853144187246 0.5059572212844475
7 0.5292564318521713 0.3383564874838684 0.48974871107756146 0.32737566551170005 0.4615231405535152 0.4289279866215817 0.501030861328125 0.43990880859375
7 0.5801539978472696 0.3736097103915262 0.5740289843749999 0.32652366796874993 0.5104642990277302 0.33479224468659874 0.5165893124999998 0.381878287109375
7 0.6028282531284336 0.3411945975750664 0.565041712890625 0.34103585937500003 0.5648710085903166 0.38167084773743365 0.6026575488281252 0.38182958593750005
7 0.6545534191718523 0.3901614104851334 0.5783171113281251 0.37784039257812513 0.5708596198906478 0.4239836266242418 0.6470959277343751 0.4363046445312501
7 0.48887423731056645 0.574330760693885 0.41264563671875 0.5047406875000001 0.3744316240175585 0.5466001162592401 0.45066022460937494 0.6161901894531251
7 0.4884234665687729 0.6744909710906847 0.438135294921875 0.656306408203125 0.4013603498374771 0.7580050171905653 0.451648521484375 0.776189580078125
7 0.4544481929735414 0.7387572179016058 0.40118483984375003 0.7330200742187499 0.39130440077645867 0.8247495731140192 0.44456775390625003 0.830486716796875
7 0.5615281137032408 0.7814744785560817 0.560108625 0.713339041015625 0.508828798406134 0.7144073710532933 0.510248287109375 0.78254280859375
7 0.5422215812882145 0.8140029970599079 0.49839326757812497 0.7202384687500001 0.4462740037956254 0.7446005541203685 0.49010231750571487 0.8383650824302763
7 0.5392520011324671 0.8706593163574955 0.526782693359375 0.795289279296875 0.4803066180081579 0.8029783359862546 0.49277592578125 0.8783483730468751
7 0.5007299977799387 0.8003314595351092 0.44800504882812514 0.7935910546875 0.4391321701888117 0.8629966889023908 0.49185711914062513 0.86973709375
7 0.4153732099335247 0.728826605923369 0.37877618164062493 0.7183649550781249 0.3509406826446002 0.815739313998506 0.3875377109375 0.82620096484375
7 0.622265625 0.6569444453125 0.554296875 0.6569444453125 0.554296875 0.7336805546875 0.622265625 0.7336805546875
7 0.6475636127545987 0.680761071762139 0.6040954453125 0.6288587832031249 0.5816824087297764 0.6476297016753609 0.6251505761718751 0.6995319902343748
7 0.6654279513702501 0.6663503196343943 0.624541693359375 0.664050466796875 0.6208595642547499 0.7295105163031058 0.661745822265625 0.7318103691406251
7 0.7060898540351315 0.7030707741521539 0.6689588359375 0.59992905859375 0.6290663959648686 0.6142903371759711 0.6661974140624999 0.717432052734375
7 0.7056634441974214 0.7078141450542582 0.6655949511718751 0.6927884609375001 0.6380565069744536 0.766224315883242 0.6781250000000001 0.78125
7 0.5683169228246078 0.8259607814061064 0.563278115234375 0.7713991328124999 0.5220832765895062 0.775203505865599 0.5271220841797388 0.8297651544592055
7 0.47700552188419876 0.7442327630123 0.45674091992187504 0.74233295703125 0.45124616756892627 0.80094366276895 0.47151076953125 0.8028434687500001
7 0.5188392573810175 0.3351253349761735 0.4413828027343751 0.30983343164062505 0.42915049066585753 0.3472948876800767 0.5066069453125 0.3725867910156251
7 0.6812214075262782 0.516804586469386 0.6797187636718751 0.45714407031250004 0.647416492864347 0.45795765376498904 0.6489191367187501 0.517618169921875
7 0.6564118043397226 0.4955855816926841 0.6293503945312499 0.47447113476562514 0.5862262347227772 0.5297413753385661 0.61328764453125 0.550855822265625
7 0.610535949747704 0.48104085628004284 0.5821053417968749 0.44962204296875014 0.5640275297493402 0.4659804961617453 0.5924581377001692 0.497399309473038
7 0.6460766135955789 0.768956742107824 0.618280720703125 0.7092163144531249 0.5924412750762961 0.721238834064051 0.62023716796875 0.78097926171875
7 0.42023050885600366 0.5656548547077113 0.3846500546874999 0.510562541015625 0.3545734852846213 0.5299869929485389 0.390153939453125 0.5850793066406251
7 0.4561325584909269 0.4956236048885148 0.4297586562499999 0.47309589648437506 0.378991599712198 0.5325304986271102 0.40536550195312493 0.55505820703125
7 0.44440049111892754 0.5951046497689475 0.4279581945718511 0.5592952249494522 0.37014546321854847 0.5858405849461297 0.3865877597656249 0.621650009765625
7 0.46092501517429696 0.6399977107357042 0.44201075390625 0.5964734140625 0.38167913912257806 0.6226915959049206 0.400593400390625 0.6662158925781249
7 0.4064255216113508 0.6083921659163746 0.37715923046875 0.6046195585937499 0.3721201463573992 0.6437106407242502 0.4013864375 0.6474832480468748
7 0.38765471760302617 0.6061424717346563 0.35358320117187503 0.6056244921875001 0.35293606755322393 0.6481914696715938 0.38700758398437507 0.64870944921875
7 0.39569227437961696 0.5517453354686198 0.35542552148437495 0.5406612695312502 0.3366799521828831 0.6087611176563803 0.3769467050781251 0.6198451835937501
7 0.35818891365459327 0.6832222560073767 0.33406600976562506 0.6596019121093751 0.2894229281422819 0.7051948455551236 0.3135458320312501 0.7288151894531251
7 0.37425983487942277 0.8247309520185373 0.36141595703124996 0.7692780234375 0.3380159596131068 0.7746978762059066 0.3508598374612797 0.8301508047869439
7 0.4414692439258649 0.6468025722301065 0.401022328125 0.6351659140625 0.37483674826163516 0.7261822461292686 0.41528366406250006 0.737818904296875
7 0.429611911986345 0.7390788317128599 0.39498949414062506 0.7016130273437502 0.3780359864511551 0.7172798850840155 0.41265840429687506 0.7547456894531253
7 0.36236854689758496 0.598277171407779 0.3331978457031251 0.59554241796875 0.3277021874774152 0.654162768045346 0.35687288867187505 0.6568975214843751
7 0.5004831899025861 0.5361443736498811 0.45067350195312517 0.5012608203125001 0.43154029642553915 0.5285808294751192 0.4813499843750001 0.5634643828125002
7 0.46096521144901426 0.4962925881980347 0.4422541914062501 0.4878726289062501 0.419160550269736 0.5391918297707154 0.4378715703125001 0.5476117890625001
7 0.4804687500000001 0.572916666015625 0.4441406250000001 0.572916666015625 0.4441406250000001 0.621875 0.4804687500000001 0.621875
7 0.40052988889934454 0.48490697339861083 0.3896431497143721 0.45784377175641194 0.3420674190181525 0.4769821049984261 0.352954158203125 0.504045306640625
7 0.4260684532813416 0.4770823714590554 0.40623299414062497 0.4617098906250001 0.3636380877342835 0.5166710601815698 0.38347354687500007 0.5320435410156251
7 0.40692460516258894 0.7087094894104302 0.3547970045029399 0.6741360537878496 0.280005038012226 0.7869025663305446 0.33213263867187504 0.8214760019531251
7 0.40726607350117294 0.637220035921384 0.35671760937500013 0.6268805761718751 0.3374904264988273 0.7208801261879912 0.3880388906250002 0.7312195859375001
7 0.36329012786964465 0.6422325917460302 0.34625742026034734 0.6344341867607334 0.32507689590632793 0.6806951438428284 0.34210960351562525 0.6884935488281252
7 0.3591190199611235 0.5899723047094331 0.34301437695312503 0.5767512636718751 0.3133876812107516 0.6128397499780671 0.3294923242187501 0.6260607910156251
7 0.39093020941433726 0.4538939181853907 0.3751229853617561 0.44022194447666896 0.33159621735366884 0.4905466005100284 0.34740344140625 0.5042185742187502
7 0.401942693405842 0.5076021714227511 0.373647416015625 0.482920693359375 0.320561283156658 0.5437795629522488 0.34885656054687497 0.568461041015625
7 0.44130309431000236 0.3398496219860375 0.413626240234375 0.33059893359375003 0.38906029240874757 0.40409704793583756 0.41673714648437493 0.413347736328125
7 0.4267601815294847 0.39585755552062774 0.40647340820312494 0.37340304296875 0.3497957911267653 0.4246090519012473 0.37008256445312504 0.44706356445312506
7 0.6730200812564042 0.7940687479851909 0.6379320195312501 0.7720760507812501 0.5930734968685961 0.8436451992804344 0.6281615585937502 0.8656378964843752
7 0.6691650063940805 0.7368069815624774 0.624300328125 0.73575546484375 0.6226657182152946 0.8054987664843977 0.6675303964843751 0.806550283203125
7 0.6481682116087342 0.6168663568204926 0.6149913300232369 0.6159332578109562 0.6139046340395028 0.6545713697404637 0.647081515625 0.6555044687500001
7 0.6738463342733338 0.531251577793855 0.622720697265625 0.526817919921875 0.6196277946329161 0.5624829671280199 0.670753431640625 0.566916625
7 0.6849633873833397 0.5647563091726485 0.640938890625 0.56413721484375 0.6401126145697854 0.6228946380929765 0.6841371113281252 0.623513732421875
7 0.5444106472708093 0.7358864152011567 0.52990400390625 0.647543349609375 0.46997822546376766 0.657383645397 0.48448486882832703 0.7457267109887817
7 0.49426507341215703 0.6205864602885839 0.4283714257812501 0.6184480839843751 0.42603288361909314 0.6905098033832913 0.4919265312500001 0.6926481796875
7 0.6590667946685096 0.5036121131404699 0.64112701171875 0.43246630859375 0.6015628479096151 0.44244261732828016 0.6195026308593748 0.5135884218750001
7 0.49660861565109776 0.343091368537914 0.43195489843750007 0.3323157480468751 0.4137028003645273 0.44182832677458617 0.478356517578125 0.45260394726562503
7 0.6686814602149703 0.4946455520502759 0.6379549628906253 0.49080473828125015 0.63228820775378 0.5361387604497243 0.6630147050781251 0.5399795742187501