7 0.502271915445521 0.6138515518244083 0.44261066406250005 0.5845945917968751 0.3840538736169791 0.7040045165349668 0.44371512500000004 0.7332614765625001
7 0.5248979957595998 0.6253338484532582 0.49422838075095704 0.62351788464356 0.49005812522573217 0.6939488760340518 0.520727740234375 0.6957648398437501
7 0.5818665224458611 0.7023025884774725 0.5733844374999999 0.61398121484375 0.5163646006010139 0.6194572064444024 0.524846685546875 0.7077785800781249
7 0.5683739017178733 0.6280382502634047 0.5672998203125001 0.5940032773437501 0.529056832657127 0.5952101559865955 0.5301309140625001 0.6292451289062501
7 0.5929692796786405 0.5835566085550902 0.5722725175781251 0.49324346484375003 0.5309116929776095 0.5027219871480348 0.551608455078125 0.593035130859375
7 0.41575928033394033 0.5187931801243963 0.37162657033900365 0.5182021171616971 0.3708644130519385 0.5751098725841758 0.4149971230468752 0.5757009355468751
7 0.6257069059600545 0.4015107972213104 0.5073343203125 0.3370210722656252 0.46940772603191827 0.4066363331910394 0.5877803116794728 0.4711260581467246
7 0.6110548584497277 0.5162261894084244 0.5940061718749999 0.44669429101562513 0.5541449848485388 0.45646794742108754 0.5711936714232666 0.5259998458138867
7 0.6241642292362231 0.6662047309180072 0.5998288359374999 0.5840051816406251 0.5660879387325266 0.5939942632226178 0.5904233320312499 0.6761938125
7 0.4513996727905859 0.5923364030442116 0.4215895273437501 0.5705998378906252 0.3706742373656643 0.6404265188307886 0.4004843828125001 0.6621630839843752
7 0.4279346148217926 0.6486970634977518 0.388579576171875 0.639413716796875 0.37043167228758256 0.7163484130647482 0.4097867109375002 0.725631759765625
7 0.4296764352832236 0.7359704259406812 0.3907628164062501 0.733885767578125 0.3859889436230266 0.8229980506218187 0.4249025625000001 0.825082708984375
7 0.445687156014151 0.33376572261202836 0.39449218750000004 0.32416666601562505 0.36532846898584903 0.4797064980910967 0.4165234375 0.48930555468750003
7 0.5620842756028441 0.7469642414739901 0.5331249994909504 0.73881944516933 0.5145172863881065 0.8049802036953401 0.5434765625000002 0.8131250000000002
7 0.6191216650610417 0.7869856924587322 0.561106970703125 0.7376591875000001 0.5301445585844831 0.7740752051592625 0.5881592529423998 0.8234017101179946
7 0.5816610656698337 0.7603614331322172 0.5593925371093749 0.6843515273437499 0.5244670378457912 0.6945836078834078 0.5467355664062499 0.770593513671875
7 0.6138219545893117 0.682171768248526 0.5811756124586939 0.6643045132216924 0.5480893219318823 0.7247584754419166 0.5807356640625001 0.7426257304687502
7 0.3987523232645465 0.7310562307690495 0.3764672773437501 0.7271389375 0.3648528271260786 0.7932122536059505 0.387137873046875 0.7971295468749999
7 0.419246838384494 0.7306927057130802 0.37376125 0.686348333984375 0.3510647241155061 0.7096289622556698 0.3965503125000001 0.753973333984375
7 0.39098914092285664 0.6554726845712439 0.35901206249999984 0.641223158203125 0.3249698122021432 0.7176166943350063 0.356946890625 0.7318662207031251
7 0.4037071840470214 0.819534063394167 0.36716106445312496 0.766873458984375 0.33931731009360344 0.7861968448089579 0.37586342968749986 0.8388574492187499
7 0.3869993919672072 0.723337815356482 0.36227562304687505 0.7133532167968751 0.33985747522029297 0.7688648233153931 0.3645812441406251 0.778849421875
7 0.38273114505941536 0.8027466261377588 0.34312416796875006 0.7414786914062501 0.31141761665933465 0.7619755574559912 0.35102459374999995 0.8232434921874999
7 0.6058701820590889 0.5931988761874863 0.5909492929687501 0.5638233750000001 0.5429800542690361 0.5881887019375138 0.5579009433593749 0.6175642031250002
7 0.6298784798570722 0.7227649731264815 0.6206354804687501 0.6460823164062501 0.5824624124890031 0.650683534713989 0.5917054118773253 0.7273661914342203
7 0.5759399381142827 0.4711877774551909 0.563970587890625 0.4357230390625 0.5486809251669673 0.4408833006698091 0.5606502753906248 0.4763480390625
7 0.35024723237321664 0.5763068359806348 0.3201059566864135 0.5708080897808406 0.307358724313197 0.640681808487706 0.33750000000000013 0.6461805546875001
7 0.3735691630379423 0.6666114275540965 0.36020562890624996 0.6084816347656251 0.331437311144965 0.615095220981445 0.34480084527665733 0.6732250137699164
7 0.31905136702794534 0.5829999083786166 0.293405386633206 0.5818744863243712 0.29073908015213573 0.6426339529457548 0.3163850605468751 0.6437593750000001
7 0.43409114154120126 0.5552649384557531 0.34233073242187495 0.46001056445312505 0.2916893320922927 0.5087944199062074 0.383449741211619 0.6040487939088355
7 0.41876509784946375 0.3560520460404938 0.34451200976562507 0.32738285351562507 0.2947955662130363 0.4561482332563814 0.369048654296875 0.4848174257812501
7 0.3866157146461111 0.7565926479803022 0.3378614355468749 0.6513947773437498 0.2781315080101388 0.6790767973321976 0.326885787109375 0.78427466796875
7 0.3384132536511891 0.779877853000528 0.33780555273437507 0.7535029960937502 0.3199025979113109 0.7539154966088473 0.320510298828125 0.7802903535156251
7 0.5740267985177436 0.5479582635201332 0.5246687797613151 0.5203892511216173 0.4731799597591966 0.6125719563514842 0.5225379785156251 0.6401409687500001
7 0.5125930926001411 0.4321160228632622 0.493506111328125 0.372445205078125 0.46455490154048384 0.3817058658086129 0.4836418828125 0.44137668359375004
7 0.5188033305148997 0.3407142230739686 0.4639098476562499 0.31437812890625005 0.41258589018822517 0.4213549175510315 0.467479373046875 0.44769101171875003
7 0.3950458913575878 0.5896364225322844 0.32075880078125 0.5150441425781251 0.2885202785642873 0.5471507630145909 0.36280736914062506 0.6217430429687502
7 0.3380793690967119 0.48617066626745997 0.3277458085937501 0.48207950195312504 0.3071434375439132 0.5341174626387901 0.317476998046875 0.5382086269531251
7 0.35371298211910884 0.48678128062325143 0.338675494140625 0.449002263671875 0.3215803150230121 0.4558067962197175 0.33661780300149596 0.4935858131710939
7 0.34403119744446947 0.6670713736786664 0.34175795898437494 0.637623099609375 0.3208342244305304 0.6392382923369586 0.3231074628906249 0.66868656640625
7 0.4029174591134417 0.3363075643910516 0.37982881640625 0.32813128906250005 0.36040083385530836 0.38299315826519853 0.38348947656250004 0.3911694335937501
7 0.6287723608853086 0.568912322979757 0.5839011328125 0.4991832500000001 0.5552440322647652 0.5176243282996661 0.6001152603375739 0.587353401279423
7 0.6087792406532495 0.8142778609146147 0.605764447265625 0.7419974042968751 0.5848058921592505 0.7428715785385104 0.587820685546875 0.81515203515625
7 0.6393873399739123 0.778818815906512 0.6209988105468749 0.7016270898437501 0.5790316170573375 0.7116244692497382 0.597420146484375 0.7888161953125001
7 0.5061564126555677 0.3343731836228825 0.4840696912318813 0.33238537889055686 0.47992551490443874 0.3784317870645494 0.502012236328125 0.380419591796875
7 0.4643977123383164 0.4344646076386477 0.463942900390625 0.394803345703125 0.4440277857085586 0.39503172048635227 0.44448259765625 0.434692982421875
7 0.44390483867555763 0.4065816967407209 0.4280272675781249 0.40432098828125007 0.42314405976194236 0.4386170864624042 0.43902163085937507 0.44087779492187507