7 0.5033987887317721 0.7791104656155721 0.457217234375 0.76584555078125 0.431348881190103 0.8559057414156779 0.4775304355468751 0.8691706562499999
7 0.5268223460829704 0.9268731772898666 0.493893720703125 0.8215015722656251 0.4362820154189201 0.8395052295161833 0.4692106407987655 0.9448768345404248
7 0.4337186577094381 0.7699231816917754 0.38488656250000003 0.7619116660156251 0.36694821729056204 0.8712501503394747 0.41578031250000014 0.879261666015625
7 0.4639961609756706 0.9085465332359829 0.46225196289062503 0.8173831953125001 0.4073055577743295 0.8184344667640174 0.40904975585937503 0.9095978046875002
7 0.46959936743177194 0.7415178985639905 0.42541376890048493 0.7253336384408389 0.3957911534218381 0.8062080797205986 0.43997675195312513 0.82239233984375
7 0.5040839063330552 0.7866699380255049 0.48168118359375 0.7295267636718749 0.4532708514794448 0.7406649057244948 0.47567357421875 0.7978080800781249
7 0.5337443305099698 0.8049514152451699 0.5086448085937499 0.723285884765625 0.4748707456619049 0.7336661863173302 0.49997026757812485 0.815331716796875
7 0.4946941069112906 0.7014465872957207 0.4587890625 0.6812500000000002 0.41995433058870946 0.7502895240324046 0.45585937500000007 0.7704861113281251
7 0.5213270716132625 0.7368982863329088 0.5005697578125001 0.648333744140625 0.45684531119923755 0.6585816609327161 0.47760262499999995 0.747146203125
7 0.5312094941639578 0.6643010463545431 0.49444040429687497 0.616200603515625 0.47319888474229216 0.632438111848582 0.5099679746093749 0.6805385546875001
7 0.5065135929881687 0.6709045323837596 0.46779470898437503 0.586774615234375 0.4264168679493313 0.6058178269912405 0.465135751953125 0.6899477441406251
7 0.576618240210178 0.7698343132489958 0.5357778085937501 0.7502234355468751 0.49711700002419723 0.8307361047197546 0.5379574316406251 0.8503469824218752
7 0.47557815450387547 0.7185720418459244 0.4359753183593751 0.61616471484375 0.3804594353398747 0.6376337491697006 0.4200622714843751 0.740041076171875
7 0.4177960435245275 0.7412647670096811 0.399489724609375 0.6703069374999999 0.3728802788629816 0.6771718740877583 0.391186597778134 0.7481297035974395
7 0.38405630664414553 0.8182152867299917 0.38221122460937507 0.7375236914062501 0.3293298300746045 0.7387328695200085 0.331174912109375 0.8194244648437501
7 0.376112577042 0.8727117238104364 0.37471295898437507 0.8105065234375001 0.34558707725487503 0.8111618562676889 0.3469866953125 0.8733670566406252
7 0.605078125 0.6319444453125 0.587109375 0.6319444453125 0.587109375 0.679861111328125 0.605078125 0.679861111328125
7 0.5763202949695837 0.7443529827781256 0.5748389296874999 0.6482289257812499 0.5079402187022912 0.6492599000343743 0.509421583984375 0.7453839570312499
7 0.5312373974002792 0.5465369642797571 0.48040775953210235 0.5403701327841682 0.46940436408494823 0.6310647798325362 0.5202340019531251 0.637231611328125
7 0.5578125 0.585416666015625 0.518359375 0.585416666015625 0.518359375 0.64965277734375 0.5578125 0.64965277734375
7 0.5155666590976189 0.5406323429762263 0.4318586308593749 0.4088254160156251 0.37048556160550594 0.44780226444564886 0.45419358984374997 0.5796091914062501
7 0.4360645232400399 0.5364024026717485 0.384166287109375 0.5354607011718752 0.38279998457246023 0.6107591813126267 0.43469822070312514 0.6117008828125001
7 0.3994465990046649 0.6387733862481457 0.3254957929687501 0.63357371875 0.31792719787033524 0.7412159301581043 0.39187800390625005 0.74641559765625
7 0.5279800517943439 0.340477075742812 0.513673037109375 0.2909923105468751 0.43117613765878093 0.31484377972593813 0.44548315234374997 0.36432854492187505
7 0.6520940307417888 0.45526484834013914 0.6212815351562501 0.3498323710937499 0.5596402798050862 0.3678469426754857 0.5904527753906251 0.47327941992187494
7 0.6531221467139839 0.5387801550710902 0.6119550664062501 0.47291283007812496 0.5881254782860162 0.48780632344453473 0.6292925585937501 0.5536736484375
7 0.5983752058723588 0.496372074285395 0.5491556484375 0.49291132421875006 0.5438002745963912 0.5690766425114802 0.5930198320312501 0.5725373925781251
7 0.5981641080402977 0.5929774744540396 0.5420663710937499 0.536879740234375 0.5114131595378271 0.5675329532803354 0.5675108964843749 0.6236306875
7 0.5864858891871432 0.7903828367986594 0.5804520410156249 0.7275541914062499 0.5388577690338309 0.7315487629965727 0.5448916172053491 0.7943774083889822
7 0.39695096961809734 0.6192550565339467 0.3810004197803289 0.5621919682436187 0.3100221532872316 0.5820321558502971 0.32597270312500004 0.6390952441406251
7 0.42309463509085526 0.6162528980015398 0.39221737109374993 0.59409313671875 0.3517728004560198 0.6504483324672101 0.3826500644531251 0.6726080937500001
7 0.35503747439583677 0.6316547717637652 0.3290473945312501 0.6165037363281252 0.2925951154479135 0.67903396065811 0.3185851953125002 0.6941849960937501
7 0.4258991646766217 0.4135671838788258 0.37113018749999993 0.39434537890625 0.3340908568077533 0.4998820993242992 0.38885983398437507 0.519103904296875
7 0.39641642355796625 0.5818524763631069 0.39062617578125 0.50346142578125 0.3303568262985517 0.5079131388818663 0.33614707407526795 0.5863041894637232
7 0.45159314294958747 0.5389290372300802 0.3944957558593751 0.4817969824218751 0.36433865783166264 0.511935781129295 0.42143604492187503 0.5690678359375001
7 0.3661676549595212 0.7473744398396815 0.31249840234375004 0.7023944941406252 0.28797613996235394 0.7316540113321939 0.3416453925781251 0.7766339570312502
7 0.31961872876247027 0.7060211401501476 0.31921223828125006 0.63447893359375 0.27229929467502983 0.6347454848498524 0.27270578515625005 0.70628769140625
7 0.32322812318128413 0.8028246449835091 0.301130498046875 0.7230276660156248 0.2668316653788733 0.732525804374351 0.2889292905132824 0.8123227833422353
7 0.6412995146834433 0.5197405844182158 0.5975510117187501 0.51001162890625 0.5729312568009317 0.6207200620661592 0.616679759765625 0.630449017578125
7 0.6256467916496564 0.5978084828176692 0.60546875 0.5864583339843751 0.5849000833503437 0.623024851166706 0.6050781250000001 0.6343750000000001
7 0.6304690916745471 0.6572907513166295 0.6068960308486729 0.6484508545858305 0.5879353532366259 0.6990126677223261 0.6115084140625001 0.707852564453125
7 0.3518574386822211 0.556230778188969 0.32866609375 0.544791201171875 0.29588034256777895 0.6112574405610309 0.31907168750000003 0.622697017578125
7 0.32048149388216995 0.6370033936111037 0.3148909394531251 0.580683724609375 0.2713402854337624 0.585006766737131 0.27693083986280725 0.6413264357388597
7 0.3426515397785354 0.5385804783572079 0.31954175976562504 0.5227277324218751 0.2717431906902147 0.5924074220334171 0.29485297070312505 0.60826016796875
7 0.37703263245219265 0.5171717598043586 0.3686031230468749 0.45981233984375 0.33179254918843226 0.46522200191439117 0.34022205859375 0.5225814218749999
7 0.6006754480144785 0.6739760661005676 0.56159933203125 0.6176147070312499 0.5374511619945775 0.6343569699702114 0.5765272779778059 0.6907183290395291
7 0.606427346264821 0.6548291701363517 0.5714843749999999 0.5927083339843751 0.5498226537351789 0.6048930525198986 0.5847656249999998 0.6670138886718752
7 0.6218404086464387 0.7783934730662847 0.6161391406250001 0.67957149609375 0.5724643960410614 0.6820911929493403 0.5781656640625 0.780913169921875
7 0.6030590850420807 0.8219604839920861 0.5896752871093751 0.7633920664062501 0.574477684161929 0.7668649559821382 0.5878614820946347 0.8254333735679742
7 0.5974205349577082 0.7667204372266518 0.5607315820312501 0.759349888671875 0.541960121292292 0.8527900491014733 0.5786490742187501 0.8601605976562501
7 0.3376732674163215 0.7537465619795267 0.3130000000000001 0.751763888671875 0.3074439200836787 0.8209062153642234 0.3321171875000001 0.822888888671875
7 0.6097180268413765 0.5229028875052357 0.5945883359375 0.47879143749999986 0.5764479868304985 0.48501335663538914 0.591577677734375 0.529124806640625
7 0.44672988195438834 0.3250399886092609 0.38173148242187505 0.30449585156250003 0.3461044949987367 0.41721400357823923 0.41110289453125 0.4377581406250001
7 0.3706181934296353 0.5016468345490075 0.29362000585937503 0.44808287695312504 0.2605556025297596 0.495612955829675 0.33755379010001985 0.5491769134255574
7 0.5884812418597857 0.3636963950821991 0.5555198027343748 0.3581920917968751 0.5406686116558392 0.44712553265217614 0.5736300507812501 0.4526298359375001
7 0.6082809953132714 0.3469224712081363 0.5372469384776142 0.27911112016249673 0.40416180449246775 0.4185210688762354 0.47519586132812497 0.486332419921875
7 0.4598036143030593 0.4086254393552671 0.45452962695312493 0.354926650390625 0.41260393452506555 0.35904435166035786 0.41787792187499995 0.41274314062499995
7 0.3809959133694822 0.39299065804548017 0.33886192578124996 0.379402447265625 0.31189438545864273 0.4630227286732699 0.35402837304687496 0.47661093945312505
7 0.35207204073707266 0.8202371517494789 0.324842341796875 0.811765689453125 0.3190860705910524 0.8302679888755211 0.34631576953125004 0.838739451171875
7 0.36541381261681855 0.8864677391664821 0.36014425195312494 0.823233015625 0.31822069519568136 0.8267266455991427 0.32349025585937496 0.8899613691406248
7 0.3158099148452484 0.729446603336645 0.31204302539062506 0.69596312890625 0.2871087609360017 0.6987682326008549 0.290875650390625 0.7322517070312499
7 0.36656032902232283 0.4007686487006244 0.34996944531250007 0.36387322265625 0.2909234991026772 0.3904246012993756 0.3075143828125 0.4273200273437501
7 0.41163397382827777 0.4013952984616978 0.35342011328125 0.35511347265625 0.3319479070310972 0.38212148278830227 0.39016176757812493 0.4284033085937501
7 0.4164062500000001 0.735416666015625 0.3812500000000001 0.735416666015625 0.3812500000000001 0.78090277734375 0.4164062500000001 0.78090277734375
7 0.6037144497992384 0.458401475081909 0.5827109375000001 0.45022222265625006 0.5607339877007619 0.5066568589024663 0.5817375000000001 0.5148361113281251
7 0.43463072051098617 0.6419844745482803 0.4238156347656249 0.600248212890625 0.3983651720671386 0.6068431719360947 0.4091802578124999 0.64857943359375