5 0.4832929058779112 0.31624353271915473 0.38355978515625005 0.28711474804687503 0.3358564808408389 0.4504445766558454 0.43558960156250004 0.4795733613281251
5 0.6322752933782775 0.3765881866919981 0.5712288867187499 0.32242024804687497 0.4673046714654724 0.43954118830800193 0.528351078125 0.4937091269531251
5 0.6251066389116416 0.5678979139871088 0.5687499999999999 0.46770833398437506 0.5295808610883581 0.4897409746847663 0.5859374999999998 0.5899305546875
5 0.6426897312577604 0.5905654864458291 0.601768943359375 0.5845081328125 0.5905609562422398 0.660224310429171 0.6314817441406251 0.6662816640625
5 0.6054033590415865 0.639138235296012 0.57068018359375 0.63858018359375 0.5698132991615384 0.692519594782113 0.604536474609375 0.693077646484375
5 0.5618083644297186 0.7178057948592784 0.53504873828125 0.629456548828125 0.49117686940341976 0.6427446623360931 0.5179364955518884 0.7310939083672465
5 0.5971515541653137 0.7630480918182014 0.48647585156250006 0.6902750273437501 0.4399279673190615 0.761066601541174 0.5506036699218751 0.8338396660156251
5 0.5481959868215224 0.8058311032089132 0.49821815005683834 0.7970247675193102 0.48553392495406605 0.8690104553260221 0.5355117617187501 0.877816791015625
5 0.5094228399007605 0.8842238783705613 0.49180889453124993 0.76940705078125 0.4276234335367394 0.779253684129439 0.44523737890625 0.8940705117187502
5 0.5106949632917158 0.7537209181846265 0.470939611328125 0.71148085546875 0.3962824429582843 0.7817464236122487 0.4360377949218751 0.8239864863281252
5 0.4630714976809134 0.701979339020131 0.43083873828125013 0.7011910371093751 0.4298913558347119 0.7399284168392442 0.46212411523437513 0.74071671875
5 0.49877413194866627 0.6976355553093441 0.48155946093749996 0.6080099746093749 0.4389893368013337 0.6161865540656558 0.4562040078125 0.705812134765625
5 0.5377377781602383 0.5900290246794905 0.47094210351562493 0.47472312304687503 0.4064576183241366 0.5120784069611346 0.47325329296874996 0.62738430859375
5 0.4881389141353682 0.6116894359952693 0.4379414296875 0.5462467890625 0.40044828898963164 0.5750057319734808 0.45064577343749984 0.6404483789062501
5 0.4622661891188014 0.6959582807862925 0.440497111328125 0.6155801464843751 0.40930692416244857 0.6240274887449576 0.43107600195312495 0.704405623046875
5 0.42916168633628543 0.5850820735398394 0.3879387010962212 0.5834829062470652 0.38531732530681084 0.6510561588791008 0.4265403105468751 0.652655326171875
5 0.4059886524084745 0.47982702903300933 0.29636141406250005 0.42324522851562507 0.25814357415402567 0.49729229323261587 0.3677708125000001 0.5538740937500002
5 0.3714403473035309 0.6544727187677788 0.360496751953125 0.58209907421875 0.3188128971694826 0.5884020763991671 0.3297564925198884 0.6607757209481959
5 0.422014302476037 0.5556160732981206 0.382102419921875 0.5326775859375001 0.33501220533646303 0.6146123309987546 0.37492408789062504 0.637550818359375
5 0.44689553019061634 0.8387046559127188 0.416445724609375 0.755423134765625 0.3738577100437586 0.7709943772904061 0.40430751562499995 0.8542758984375
5 0.4056205126628448 0.8351001869969417 0.3624173886531703 0.791053251934055 0.2858615830215756 0.8661424711871133 0.3290647070312501 0.91018940625
5 0.3663017882342338 0.7529975624582654 0.3179358589103843 0.7407549373823942 0.29531260583240054 0.8301307577366286 0.3436785351562501 0.8423733828125
5 0.3976757090812453 0.7415987695750887 0.3555482226562501 0.73962404296875 0.35295737295000484 0.7948954843311611 0.39508485937500004 0.7968702109374999
5 0.3621527069560579 0.772212021704036 0.35498296875000007 0.716447396484375 0.32634916023144217 0.720128886499089 0.3335188984375 0.77589351171875
5 0.35947081720970875 0.7305991904371543 0.3489575390625 0.6681202792968751 0.3067953058371662 0.6752148857347209 0.31730858398437495 0.737693796875
5 0.339674611770543 0.8653491854676281 0.30511530078125004 0.7803278496093751 0.2613535640107071 0.7981160371886222 0.295912875 0.8831373730468752
5 0.3248551541089749 0.7536515712975561 0.28946655769597285 0.7303049290952166 0.24340637624324796 0.8001224710789105 0.27879497265625003 0.8234691132812502
5 0.34185527603728816 0.7191833397584575 0.3085482070312501 0.702979900390625 0.276981157556462 0.7678677227415425 0.3102882265625001 0.784071162109375
5 0.29866590315502606 0.6029026047281657 0.25339883944009245 0.5931092499126701 0.2304437136288164 0.6992129459657545 0.27571077734375005 0.70900630078125
5 0.36573414128335735 0.41537187457531666 0.310005125 0.37998837304687505 0.29310352668539275 0.4066083910496835 0.34883254296875 0.4419918925781251
5 0.3395818719946854 0.5314151174887537 0.2805464433016029 0.5296673574201646 0.2786490927912925 0.5937556168845359 0.33768452148437506 0.595503376953125
5 0.3093512606222792 0.5163067995136115 0.28574726953124996 0.50085295703125 0.24926148156522082 0.5565808586895136 0.27286547265625005 0.572034701171875
5 0.28639003823067377 0.6036138824148296 0.284334759765625 0.557238380859375 0.2450723855974512 0.5589784183664205 0.24712766406249997 0.605353919921875
5 0.394113325413114 0.6905961531228958 0.35347935351562504 0.6288653515625001 0.3186408718525111 0.6517975968771045 0.3592748437500001 0.7135283984375002
5 0.3965422958577525 0.658468805050475 0.37839442578125 0.6108426445312501 0.3550567024367562 0.6197354455993999 0.3732045725132587 0.6673616061186247
5 0.4627677105677384 0.6597768863996684 0.39568450703747754 0.6266766207113376 0.32935578279786426 0.7611028319679192 0.39643898632812513 0.79420309765625
5 0.5944750054794609 0.8256952938298694 0.582189255859375 0.767879994140625 0.5461184262455495 0.7755450444578628 0.5584041758656353 0.8333603441471071
5 0.5274927035112509 0.6595273623595613 0.5092079238281249 0.59385141796875 0.4723402198122226 0.6041157217653131 0.49062499949534855 0.6697916661561245
5 0.5498770895092032 0.530207519944067 0.540464513671875 0.47696466796875 0.5037113792407966 0.48346209724343314 0.5131239550781248 0.5367049492187502
5 0.5993436577239093 0.5412716925198383 0.5404275557467737 0.502828936916762 0.4692443374759896 0.6119219943969239 0.5281604394531251 0.65036475
5 0.6152530421350731 0.6412205664165765 0.599777720703125 0.56437758984375 0.5588545145816781 0.572619068727055 0.5743298360136264 0.6494620452998816
5 0.3266200251484227 0.6078839527347963 0.3144903550643001 0.5789676845826952 0.27478471858775244 0.595623231847899 0.286914388671875 0.6245395000000001
5 0.33991336847426523 0.4410951054712812 0.33313225390624995 0.408291458984375 0.27913595769760974 0.41945348241934377 0.285917072265625 0.45225712890624997
5 0.3875460492016569 0.33887837275007354 0.36967769974391806 0.3280421963996473 0.3284458302297611 0.39603162638394873 0.34631417968749995 0.40686780273437495
5 0.4869798906265812 0.3247190995983752 0.382046875 0.2980694453125 0.36810604687341875 0.3529614570422499 0.47303906249999994 0.37961111132812503
5 0.5459174190094475 0.3417508553311263 0.517525298828125 0.33843898632812514 0.5070412430999276 0.4283171095126238 0.53543336328125 0.431628978515625
5 0.5877526925070551 0.42049992637982225 0.56491436328125 0.41297998828125 0.5420388231179449 0.48245384705767774 0.5648771523437501 0.48997378515625
5 0.3044008085034754 0.696879265006853 0.2696146972656249 0.679244638671875 0.23068349227777457 0.7560404381181469 0.265469603515625 0.773675064453125
5 0.3407347932392875 0.6920063704415369 0.3196255390625 0.6044420507812501 0.26366983968048496 0.6179313702378206 0.28477909385727246 0.7054956898981074
5 0.5123847100964051 0.45418394968912507 0.4897696992187499 0.45172183203124994 0.48371178209109494 0.507364933123375 0.50632679296875 0.5098270507812501
5 0.516322071235949 0.3383832997896943 0.4729138769710406 0.3342066892669248 0.46294142878196676 0.43785196955535566 0.5063496230468751 0.4420285800781251
5 0.5833537055896014 0.7784383664628894 0.56725073828125 0.7277897167968751 0.5478929369885235 0.7339442350996108 0.563995904296875 0.7845928847656252
5 0.6025744090971308 0.7762384362605594 0.5840444707031249 0.7185897441406252 0.5628522725434941 0.725401522723816 0.5813822109375 0.7830502148437501
5 0.5862342425656608 0.6681086868173485 0.5356367734375 0.66505928515625 0.5318128296999645 0.7285084127920266 0.5824102988281252 0.731557814453125
5 0.6206593440437411 0.7793282859828184 0.603522884765625 0.706681416015625 0.5810939743156339 0.7119721065953066 0.59823043359375 0.7846189765625001
5 0.5918875312584928 0.7285089475928125 0.589827740234375 0.68822859765625 0.5770769921790072 0.6888806246728125 0.579136783203125 0.729160974609375