7 0.6396235960688667 0.37380438468917365 0.580893568359375 0.32496908984375 0.4818482593998833 0.44408240242020136 0.5405782871093749 0.492917697265625
7 0.6279498137277097 0.6369002569440653 0.5917106210937499 0.5625634511718751 0.5519429147879148 0.581950207899685 0.5881821074218747 0.6562870136718751
7 0.6401286524069383 0.5871161614923088 0.6046064277343751 0.5814072324218751 0.5933103222024371 0.6516941099920663 0.6288325468750002 0.6574030390625002
7 0.6109371579626004 0.6319502330869986 0.5752686210937501 0.6298382792968751 0.5719994846155249 0.6850503372255016 0.6076680214843752 0.6871622910156251
7 0.5702837558962264 0.7154716981132074 0.5546093749999998 0.6318749999999999 0.5104584316037735 0.6401533018867924 0.5261328124999999 0.7237499999999999
7 0.5342934888200866 0.8780183637390899 0.50697063671875 0.764679119140625 0.4431041401934359 0.7800755058465174 0.4704269922947726 0.8934147504449823
7 0.5556693424924316 0.8541010263375409 0.5551493769531249 0.792167470703125 0.5147604309450682 0.792506557646834 0.5152803964843748 0.8544401132812499
7 0.5110262026018471 0.805397373402552 0.491451734375 0.71259988671875 0.436335740757528 0.724225915659948 0.45591020898437506 0.8170234023437499
7 0.43957654495779064 0.5521736818618415 0.397678158203125 0.5320428164062501 0.3551223749640844 0.6206142029037834 0.39702076171875 0.640745068359375
7 0.4504482763879257 0.5846134828435986 0.40903906250000005 0.5833194453125001 0.40699162790894944 0.6488373726251517 0.44840084179687506 0.6501314101562502
7 0.4903120369172595 0.6627091577976723 0.42265625 0.62465277734375 0.3493364010110065 0.7549991744744774 0.416992187928266 0.7930555549283995
7 0.49075053282958003 0.6869520492621202 0.45971369140624996 0.61171122265625 0.42884619763916976 0.6244440640191299 0.45988303906249994 0.699684890625
7 0.47003631899505105 0.8382165966934267 0.43683748046875 0.7544903242187501 0.3932488580700972 0.7717739270094328 0.42644769659639825 0.8555001994841095
7 0.41584826872042435 0.7401275546006808 0.37608963281250013 0.7386027207031252 0.37384937385770095 0.7970154043836944 0.4136080097656252 0.7985402382812501
7 0.42427344313155557 0.8363297802320617 0.37967606640624996 0.7970283417968751 0.30416798850906945 0.8827112666429386 0.34876536523437507 0.9220127050781252
7 0.36062490921778956 0.8739190208165993 0.32193476757812495 0.7864384023437501 0.27446092281346035 0.8074347076990258 0.313151064453125 0.8949153261718751
7 0.384497955056192 0.7563232845603506 0.3365625000000001 0.744236111328125 0.3133110644750582 0.8364469302833993 0.3612465195312501 0.848534103515625
7 0.3416767005790131 0.7608405790579652 0.3040433369749873 0.7346581575660941 0.24928513639597427 0.8133649828050039 0.2869185000000001 0.839547404296875
7 0.35759620073137743 0.721793621143858 0.3223670234375 0.706870150390625 0.2927227348154977 0.776850111278017 0.32795191210937513 0.7917735820312501
7 0.37889521453729863 0.735653930709534 0.366304642578125 0.66962337890625 0.3214734182752014 0.678171706009216 0.33406399023437494 0.7442022578125
7 0.38165139790918323 0.7737739103658823 0.37825165234375 0.7223999804687499 0.34638294388769164 0.7245089392434925 0.34978268945312485 0.7758828691406249
7 0.418486536532766 0.7015907324145916 0.37438643359375007 0.627942072265625 0.3380184176845057 0.6497188872415042 0.3821185206235216 0.7233675473904707
7 0.38741121908604464 0.6571759122020876 0.37595853320312494 0.5825213671875 0.33453289028895516 0.5888764374072875 0.3459855761718749 0.663530982421875
7 0.507322687554285 0.6110897025366726 0.45804987890625 0.5429594023437501 0.42097058002384 0.5697756822289527 0.47024338867187504 0.6379059824218752
7 0.5511618762105476 0.5961856328529586 0.4935025312499999 0.47433946875000005 0.4313127312113273 0.5037685702720416 0.488972076171875 0.6256147343750001
7 0.5990129403538438 0.6094426917512121 0.5653938417968751 0.49499469921875006 0.5001232061305313 0.5141679488737879 0.5337423046875 0.62861594140625
7 0.5278022187923445 0.6879669524011832 0.49449753320312495 0.6019175175781251 0.44795415034828057 0.619931729239442 0.4812588359375001 0.7059811640625001
7 0.538407365268694 0.6508676098722785 0.529398484375 0.5938514121093751 0.49900386715318107 0.5986539330964716 0.508012748046875 0.6556701308593751
7 0.483111775422186 0.6987170441970006 0.45247063085982636 0.698251216767189 0.45187909957826544 0.7371608952264385 0.48252024414062505 0.7376267226562501
7 0.6124266870700682 0.7651347445172193 0.507960783203125 0.6777384335937502 0.4568965258205568 0.7387761793109062 0.5613624296874999 0.8261724902343752
7 0.6106848304562762 0.7726984383401015 0.5841122714843752 0.7567205410156251 0.5529480250124739 0.8085492491598987 0.579520583984375 0.8245271464843751
7 0.6045911294324166 0.6651211309154513 0.5584534375 0.6575516660156251 0.5471366830675836 0.7265299804126739 0.5932743750000001 0.7340994453125002
7 0.6149039052823658 0.7682985963783656 0.613516498046875 0.7066360488281249 0.592714530264509 0.7071040930747592 0.5941019374999998 0.7687666406249999
7 0.5991235606105213 0.7748863379854134 0.596823455078125 0.71900230078125 0.5690028261082286 0.7201473573270867 0.571302931640625 0.77603139453125
7 0.6176131850605607 0.484125676503646 0.5627412673087931 0.47640931441525025 0.5523086896701075 0.5505965461147292 0.6071806074218751 0.558312908203125
7 0.5639687199896374 0.5153737335693744 0.557063693359375 0.4814527890625 0.5174825241509876 0.4895100242431255 0.52438755078125 0.52343096875
7 0.38974204260127576 0.4357505776239373 0.29646734179687506 0.4282316152343751 0.28720084411747443 0.5431849497198128 0.38047554492187513 0.550703912109375
7 0.5178587046545027 0.31909760593378117 0.43911261968234333 0.27031222959434464 0.33408215916846573 0.4398453599886885 0.4128282441406251 0.48863073632812504
7 0.31107023755535423 0.6062584258322573 0.2619404351156317 0.5948230409152493 0.2354157249040276 0.708781056489242 0.28454552734375016 0.72021644140625
7 0.3566080463773601 0.5301509685421358 0.2932793281250001 0.5269125683593752 0.2895753540132651 0.5993458439578644 0.3529040722656251 0.6025842441406251
7 0.3212450161437326 0.5084116382413394 0.2939453125 0.4930555546875 0.25512217135626736 0.5620744711336606 0.28242187500000004 0.5774305546875
7 0.29740218509446664 0.6083531943593079 0.29689891015625 0.5609334218749998 0.2515472973066818 0.5614147470471619 0.25205057224489846 0.6088345195314699
7 0.3529435032097474 0.698058824945402 0.342097849609375 0.6101603320312499 0.28558670186837753 0.6171331516170979 0.2964323554687499 0.70503164453125
7 0.31291909018194264 0.7177103661017574 0.2738497832031249 0.6946211484375 0.2319931754430573 0.7654467901482425 0.27106248242187503 0.7885360078124999
7 0.36318514489710607 0.4107914461276543 0.304719171875 0.378810060546875 0.2874461890872688 0.41038723355984563 0.3459121621093749 0.442368619140625
7 0.5463475523280182 0.4611604140006814 0.5154313066406251 0.4458779511718751 0.48502145743760683 0.5073967246711938 0.515937703125 0.5226791875000001
7 0.4899430780992414 0.3128608061139956 0.39013327148437504 0.29921160156250004 0.382998097419818 0.35138756103764934 0.4828079040346844 0.36503676558914483
7 0.3998758598775961 0.33527710305306513 0.372496591796875 0.3193497402343751 0.3257388920755289 0.399726611790685 0.35311816015625 0.41565397460937503
7 0.5281332604645863 0.34143575958595074 0.4843163063178159 0.3339843300232288 0.4666509540563546 0.43786264270290315 0.510467908203125 0.4453140722656251
7 0.553098746827449 0.34852015918664486 0.5221142673948496 0.34558660349827286 0.5139835479111506 0.4314639950928781 0.54496802734375 0.4343975507812501
7 0.5918511662821015 0.4244519821367697 0.5741123437500001 0.4182156777343752 0.5523528942647736 0.4801092268476057 0.5700917167968751 0.48634553125000024
7 0.3424681989881838 0.4297713843154755 0.33140095703124994 0.39983054101562504 0.27749729905869114 0.41975532466889964 0.288564541015625 0.4496961679687501