7 0.6126799400628008 0.6921199849435367 0.573482326171875 0.6084984062499998 0.5325429071946927 0.6276887583464076 0.5717405210856185 0.7113103370399444
7 0.5629538674380509 0.6176629577281066 0.561985654296875 0.57463798046875 0.5151287653744492 0.5756924250843934 0.5160969785156251 0.6187174023437501
7 0.5390149758969041 0.5954016227377023 0.502734375 0.5309027773437501 0.46801627410309593 0.550431709293548 0.504296875 0.6149305546875001
7 0.5715392557677436 0.5282570285494935 0.529346068359375 0.5270703457031252 0.5280087500916316 0.5746194616848818 0.5702019375000001 0.5758061445312501
7 0.5183913053610142 0.5419748535392144 0.503303551751227 0.5057940249861352 0.4556154846714629 0.5256804077750461 0.47070323828125005 0.5618612363281251
7 0.481158802806566 0.5537129813057878 0.4672175486089229 0.5145032044616191 0.4172636735367319 0.5322645825308312 0.43120492773437497 0.5714743593749999
7 0.4582031250000001 0.57152777734375 0.4210937500000001 0.57152777734375 0.4210937500000001 0.607986111328125 0.4582031250000001 0.607986111328125
7 0.4765916471768263 0.5210280985703943 0.47547659960733657 0.4865313124369346 0.43373384110238533 0.48788057324154027 0.43484888867187504 0.5223773593750001
7 0.511692091985051 0.5120717068904135 0.5092373945312502 0.47976175976562513 0.47245361309307415 0.4825563497502118 0.474908310546875 0.5148662968750001
7 0.4880242347236149 0.4755551883744024 0.4713346171875 0.44392515234375 0.4134843414482602 0.4744499034224728 0.43017395898437505 0.5060799394531252
7 0.527195260395544 0.4022762393184062 0.5092700771831347 0.38370244824280403 0.4748066312407156 0.4169624100962728 0.49273181445312497 0.43553620117187497
7 0.5225835369859166 0.4387190390468503 0.518531708984375 0.409906044921875 0.5009114063734583 0.4123839004062748 0.504963234375 0.4411968945312501
7 0.555078125 0.3979166660156251 0.51875 0.3979166660156251 0.51875 0.4385416660156251 0.555078125 0.4385416660156251
7 0.5877311942966775 0.37087451952379014 0.561876341796875 0.3533631328125001 0.5245573564845725 0.4084631015699601 0.550412208984375 0.4259744882812501
7 0.593344651605318 0.41243102683783567 0.56298890234375 0.39655874023437515 0.5521867956603069 0.41721777003716465 0.582542544921875 0.43309005664062517
7 0.5977414566994423 0.5228219128351551 0.5810087324218749 0.47324346484375 0.562633083154554 0.4794452457600197 0.5793658074321213 0.5290236937514248
7 0.5965803925976702 0.4632818665576677 0.569740869140625 0.462778625 0.569147140605455 0.49444411586420745 0.5959866640625001 0.4949473574218751
7 0.5756330778716844 0.4731112299728426 0.541050091796875 0.45774101367187503 0.5308696799408156 0.4806469399490325 0.5654526660156249 0.4960171562500001
7 0.6007065780874261 0.5318484505182088 0.563040865234375 0.5184561972656251 0.553965898255872 0.5439795422857971 0.591631611108923 0.5573717955383809
7 0.6037374970681506 0.6096543565012904 0.5834166523437501 0.5477241660156249 0.5509429189474746 0.5583796102955845 0.5712637636718751 0.62030980078125
7 0.615214065732333 0.5446664513594327 0.5916375664062502 0.5442875429687501 0.5911764440332923 0.5729795740311927 0.614752943359375 0.5733584824218753
7 0.6215125013443562 0.5372065570548561 0.5896843515625001 0.507783201171875 0.5733459088118938 0.525456997632644 0.60517405859375 0.554880353515625
7 0.6287549897500374 0.5212749102632016 0.5973377402343749 0.48935897460937505 0.5833513793905875 0.5031267987211736 0.61476862890625 0.5350427343750002
7 0.6150647988615748 0.503414490367611 0.602243 0.4552931757812499 0.5873850019196751 0.45925205064801394 0.60020680078125 0.5073733652343749
7 0.5629038571566204 0.4480874734093461 0.5513671875 0.44722222265625006 0.5497914553433796 0.46823197190315397 0.561328125 0.46909722265625003
7 0.557306460677891 0.4765776428145085 0.5391970234374999 0.42120301171875013 0.508824424087734 0.4311359118729917 0.526933861328125 0.48651054296875007
7 0.5239143775012074 0.48911956224598074 0.52339199609375 0.4519725078125 0.48910190179566765 0.45245471314464425 0.489624283203125 0.489601767578125
7 0.403748561589816 0.5868517140680906 0.3885542890625 0.5765453046875001 0.35158800676955915 0.6310430203069095 0.3667822792968751 0.6413494296875001
7 0.6098223107897569 0.36615404915678973 0.568884560546875 0.3233433300781252 0.5518060642102429 0.33967464224946065 0.592743814453125 0.38248536132812516
7 0.6254309797978295 0.49301898572177866 0.6224821718750001 0.45763329492187493 0.6051976901240457 0.45907366857509624 0.608146498046875 0.49445935937499996
7 0.6345072968040918 0.5804629214939553 0.619827017578125 0.526526490234375 0.6035433985084081 0.5309585238185448 0.6182236777343749 0.5848949550781251
7 0.43322923646290235 0.4130259225577286 0.41722884245053304 0.4016778174377422 0.3782251997376308 0.45667146128626374 0.39422559375 0.4680195664062501
7 0.42757210031353915 0.44953402493549954 0.41720169500828036 0.43385688821198054 0.39091819235099123 0.45124339062023106 0.40128859765625 0.46692052734375006
7 0.5182529337233297 0.35985243435757064 0.4888676953125001 0.3279985175781251 0.4742472694016705 0.3414858605643045 0.5036325078125001 0.3733397773437501
7 0.5455535280681704 0.5175614221231558 0.542023416015625 0.4775759804687499 0.5097390578693296 0.480426202876844 0.513269169921875 0.52041164453125
7 0.5778166463280058 0.48977026263877954 0.540918048828125 0.486021833984375 0.537474623183294 0.5199180578701065 0.5743732206831748 0.5236664865245111
7 0.5560642418058512 0.5375830506041424 0.5452328235620106 0.5095567580663123 0.5025008551936594 0.5260715297277949 0.5133322734375 0.554097822265625
7 0.5320217943209459 0.5658625849239498 0.5287503476562501 0.545091494140625 0.5158210748196791 0.5471278545291752 0.519092521484375 0.5678989453125001
7 0.3929513179998917 0.5477607400956656 0.3711029375 0.5147164257812501 0.3534166976251083 0.5264102892012097 0.375265078125 0.5594546035156251
7 0.4030836571632563 0.6437705883260879 0.402019390625 0.6071913515625 0.3742606983054937 0.6079989858926622 0.37532496484375 0.6445782226562501
7 0.4295886550494173 0.629737715393594 0.40070962695312506 0.5850938085937502 0.378189056464262 0.599661803075243 0.4070680845605542 0.6443057098750868
7 0.44019781280966136 0.6193458315214302 0.412788451171875 0.570618080078125 0.3933173297684637 0.5815705864473198 0.42072669140625 0.6302983378906251
7 0.40503348305227715 0.6690374059173443 0.39208634179687507 0.66830912890625 0.39036428452584804 0.6989234671295309 0.40331142578125007 0.6996517441406251
7 0.4023595627824791 0.6720892346152214 0.369601244140625 0.660920494140625 0.362730370811271 0.6810730134316536 0.3954886894531251 0.69224175390625
7 0.4108858689671404 0.6425630342434309 0.37305139453125014 0.6344916757812499 0.36693970680620536 0.6631401980934244 0.4047741812420957 0.6712115565556054
7 0.4370813769531251 0.517228904296875 0.38256575781250013 0.517228904296875 0.38256575781250013 0.581840009765625 0.4370813769531251 0.581840009765625
7 0.43123573751306377 0.5134133313318948 0.4153640761718749 0.47793101367187496 0.36453676053381107 0.5006666745274803 0.38040842187499996 0.5361489921875001
7 0.44069051737493486 0.44979522919480336 0.4018167774206855 0.4419232984481968 0.3882070119988757 0.5091320301908934 0.42708075195312506 0.5170039609375
7 0.46658567163948034 0.40509785925198394 0.43399272070312506 0.3940977382812501 0.4100187521886447 0.46513171887301624 0.442611703125 0.47613183984375007
7 0.487061063580499 0.4215074593824798 0.45259874804687505 0.419270720703125 0.44943421962262603 0.4680278589768953 0.48389653515625 0.4702645976562501
7 0.5185125360498619 0.46387086826675894 0.5088391250000001 0.41648309375000003 0.47781438544238997 0.4228162685301226 0.48748779649225193 0.4702040430468815
7 0.5161597105087105 0.3932472579219036 0.46949360742187496 0.3330329316406251 0.4350309867569143 0.3597414627812215 0.4816970898437498 0.41995578906250003
7 0.46768322611970614 0.41441793494903945 0.467207457009819 0.3710636035158602 0.4156475355776128 0.3716294205199457 0.4161233046874999 0.4149837519531249
7 0.43466883770497067 0.40593390728440276 0.41157427343749997 0.384201814453125 0.3617315158106543 0.43716941302809736 0.384826080078125 0.4589015058593751
7 0.5408496447181377 0.30262276033153435 0.5027708710937501 0.2905743964843751 0.4813575447349875 0.3582510716997158 0.5194363183593751 0.37029943554687506
7 0.5788870856839304 0.3091595181527167 0.5380485703125 0.28842899218750007 0.5004846311129445 0.3624288275504084 0.541323146484375 0.383159353515625
7 0.5885808092032867 0.3826352605797998 0.564446205078125 0.32802767578125 0.5334356783558113 0.3417332221612405 0.5575702824809731 0.39634080695979035
7 0.6013287957973337 0.47141378552293467 0.5691408261718749 0.4046535527343751 0.5370136159163628 0.42014345779702433 0.5692015855418215 0.4869036905855839
7 0.6193049510271353 0.4458012046020209 0.619005630859375 0.38673507421875003 0.5925334493635399 0.3868692231422515 0.5928327695313003 0.4459353535255223
7 0.6129029118472925 0.44304905269794903 0.5918633535586034 0.43989312080722826 0.587581289367561 0.4684402321717793 0.6086208476562501 0.4715961640625001
7 0.5923314429869763 0.38460092800316836 0.5740015173731446 0.3826555351344951 0.5713798029017934 0.4073579137719517 0.589709728515625 0.409303306640625
7 0.583855039528999 0.3868635388919758 0.5817058828125 0.36680475390625006 0.5713767671116259 0.3679114454830243 0.5735259238281248 0.38797023046875
7 0.6114482460571232 0.38207911674930256 0.5840443535156249 0.36177993554687515 0.5745157884071425 0.3746434974661263 0.6019196809486408 0.3949426786685537
7 0.5994966914442192 0.3951881591287203 0.5883043886718748 0.37466893359375 0.5806652577745306 0.3788357314962797 0.5918575605468749 0.39935495703125
7 0.6511595071228684 0.4787825162598107 0.6162900585937501 0.4181854199218751 0.592894938675478 0.431647697475132 0.6277643872045964 0.4922447938130676
7 0.6349186032846214 0.524360372311112 0.620131337890625 0.48755650585937504 0.6073085972115896 0.4927084990541102 0.6220958626055859 0.5295123655058471
7 0.6366760131557436 0.5400264592459886 0.6180209921874998 0.5229093046875001 0.6108569321567561 0.5307170095040117 0.6295119531249999 0.5478341640625002
7 0.6313517693246864 0.6021501296260563 0.6076405312527429 0.6012609589112359 0.6047368107561816 0.6786935675664298 0.6284480488281251 0.6795827382812503
7 0.6147376644245927 0.6035855385396238 0.5708816210937502 0.5962761972656251 0.5647760777629076 0.6329094536478763 0.6086321210937501 0.6402187949218751
7 0.6289403621969453 0.5945702094750297 0.5969732636718751 0.56209569140625 0.5782723672953634 0.5805043832830297 0.6102394658204335 0.6129789013518093
7 0.6097045327681813 0.7043567940976321 0.603924107421875 0.659826111328125 0.5857350102005687 0.6621871961367428 0.591515435546875 0.70671787890625
7 0.6360222709752419 0.6494699600873166 0.6280574824218751 0.648189904296875 0.6243478344935083 0.6712721492876834 0.6323126230468751 0.6725522050781251
7 0.3956983153363635 0.5825787558279217 0.3825275 0.5677615898437501 0.35252379208551154 0.5944315547189535 0.36569460742187504 0.6092487207031251
7 0.39642475302849994 0.5860529636232368 0.390217072265625 0.5366122363281252 0.36894093642462505 0.5392836262205134 0.3751486171875 0.588724353515625