7 0.6380446993213955 0.3601139164355938 0.597331556640625 0.32852613281250004 0.5414507694286044 0.40055025739253125 0.582163912109375 0.43213804101562503
7 0.6407847977762007 0.48000535570083375 0.63769790234375 0.432182986328125 0.6034910438951249 0.4343910114947703 0.6065779393275754 0.482213380867479
7 0.634601615989469 0.44081824379476464 0.598802849609375 0.40031862695312503 0.5789415821328388 0.417874567721287 0.6147403485129327 0.4583741845629266
7 0.62701146664796 0.5282101314730803 0.6004214667968751 0.46357412109375 0.5707476271020401 0.47578136266754467 0.597337626953125 0.540417373046875
7 0.6161016339167424 0.4743376119543342 0.58924566796875 0.42049870507812503 0.5715521082707575 0.42932462046754083 0.5984080742187499 0.48316352734375
7 0.6568620185252037 0.5597285142156346 0.625885556640625 0.503015390625 0.5989252275685463 0.5177410053156156 0.6299016894531251 0.5744541289062502
7 0.6243823925999382 0.5576037004612888 0.5839821796875 0.5127145761718751 0.5628323183375618 0.5317494518824613 0.60323253125 0.576638576171875
7 0.5726081513878077 0.5416071065300994 0.57115473046875 0.4873460292968749 0.5205400029090671 0.4887017801886505 0.5219934238281249 0.542962857421875
7 0.5410815757833597 0.6357819615616983 0.538347251953125 0.5774497128906249 0.5009294691385153 0.5792036712508015 0.50366379296875 0.637535919921875
7 0.6045108273532994 0.5944510724802539 0.5428185097656251 0.5725160253906251 0.5269044363185759 0.6172743552541214 0.5885967539062502 0.6392094023437502
7 0.5943948763084709 0.5828569209694532 0.591275833984375 0.538995384765625 0.5374485494727792 0.542823102468047 0.540567591796875 0.5866846386718751
7 0.6553564822063694 0.6346867118045627 0.6120272089843751 0.6326556523437501 0.6093040783405057 0.6907491124141873 0.6526333515625 0.692780171875
7 0.633946403667795 0.6443146901423279 0.60301983203125 0.5643429492187501 0.5723735357853299 0.5761944465764222 0.6033001074218749 0.6561661875
7 0.6942373000283307 0.639697911239847 0.624639423828125 0.5572115390625 0.5882446714870179 0.5879196112071634 0.6578425476872236 0.6704059833845104
7 0.6801901816376115 0.6014039989867728 0.646780658203125 0.5387547871093751 0.6238521523467635 0.5509820830444774 0.6572616757812499 0.6136312949218751
7 0.6287682601857577 0.5476470107875437 0.61150337890625 0.5425056308593751 0.5991519253611174 0.5839821181187066 0.6164168066406251 0.5891234980468751
7 0.5629103427780776 0.5015916147647349 0.56164509375 0.4613535078125 0.5253940556613516 0.46249338724974365 0.5266593046894291 0.5027314942019785
7 0.6007197209977383 0.5050353542675363 0.585789521484375 0.441996732421875 0.5532890094710116 0.44969422190433855 0.5682192089843748 0.5127328437499998
7 0.5920956415185887 0.5314504054926888 0.5833762890625 0.49114762304687487 0.5630247686376613 0.49555059646043603 0.57174412109375 0.5358533789062501
7 0.5142202251659705 0.5072051699514613 0.49024114843750005 0.50513005859375 0.4872677631152795 0.5394891952829138 0.51124683984375 0.541564306640625
7 0.45914066264365794 0.4167939703581222 0.445834255859375 0.3718848457031251 0.36838172602821706 0.39483374253250286 0.3816881328125 0.4397428671875
7 0.46188628785622693 0.30680623038138227 0.432759712890625 0.29813250781250006 0.41068972581564817 0.37224407039986795 0.4398163007812501 0.38091779296875017
7 0.45110525847107863 0.639086457751125 0.436938232421875 0.569285755859375 0.39579328645079637 0.57763669654575 0.4099603125 0.6474373984375
7 0.47609163941820926 0.6236826983156039 0.46979521289062504 0.5709126640625001 0.43636957151929073 0.5749009520750212 0.44266599804687495 0.627670986328125
7 0.46106983124139794 0.5827992357131675 0.459991345703125 0.548220298828125 0.424362379696102 0.5493315338180824 0.42544086523437497 0.583910470703125
7 0.46701071700906743 0.5392930834652053 0.4595260232872367 0.5133674858076407 0.42553171057504424 0.5231816093736853 0.43301640429687493 0.5491072070312499
7 0.5418721248274357 0.5048667334847213 0.522252025390625 0.436231548828125 0.4857733947038142 0.44665935440590365 0.505393494140625 0.5152945390625
7 0.46256319405473917 0.4817245824997158 0.46099692187499997 0.46040369140624987 0.4320798157108858 0.462527995625284 0.433646087890625 0.4838488867187499
7 0.4705875155749481 0.504478315821471 0.46051291992187504 0.47214331054687503 0.4149716445813019 0.486332574803529 0.425046240234375 0.518667580078125
7 0.4346954619038278 0.5373721652059023 0.39986364812235703 0.5298807651371558 0.38850618817165433 0.5826881077437535 0.4233380019531251 0.5901795078125001
7 0.596536157937031 0.42199042737352754 0.560568966796875 0.38437767773437503 0.545143228781719 0.3991285394233475 0.581110419921875 0.4367412890625
7 0.5978847692423882 0.4404022843821369 0.5323006464843749 0.39043342968750006 0.5043714260701117 0.4270905320241132 0.5699555488281249 0.47705938671875003
7 0.5516989345761437 0.4637649210842767 0.5483121171875 0.43976085546875 0.5207981904238561 0.4436428914157233 0.5241850078125 0.46764695703125
7 0.4886934106074127 0.4374998946215249 0.452592732421875 0.41439545898437496 0.4395898306933108 0.4347124915296881 0.47569050887884856 0.45781692716683803
7 0.47095554398556727 0.44579949335472807 0.4571484375 0.42249999999999993 0.41923976851443273 0.4449643953171468 0.433046875 0.46826388867187496
7 0.48034680556884257 0.46930100223779564 0.4564936933593751 0.44646725195312503 0.4436587139624076 0.4598752204184544 0.46751182617187503 0.482708970703125
7 0.49810326656933424 0.4654407183390144 0.4970501170621898 0.4502358849095861 0.47316737588348057 0.45189010211744673 0.474220525390625 0.467094935546875
7 0.5204651023082882 0.5098961830863591 0.47684715039062486 0.45115146484374996 0.4465501018350145 0.47364702268587117 0.49016805375267786 0.5323917409284803
7 0.4863517024554617 0.5315578900000786 0.48580956640625006 0.4989280078125 0.4491578502789135 0.49953696546867155 0.44969998632812513 0.5321668476562501
7 0.49811640270634927 0.5356608260534285 0.4594868242187501 0.528617255859375 0.4538260465124008 0.5596630821496966 0.492455625 0.5667066523437501
7 0.42607301313659074 0.546832131964476 0.4246147324218751 0.494982162109375 0.3877505435040344 0.496018967644899 0.38920882421875 0.5478689375000001
7 0.41798781563811627 0.45412712115562326 0.405445771484375 0.44808006445312504 0.38495336014313375 0.4905828456412518 0.397495404296875 0.49662990234375004
7 0.43018476854416404 0.4582524959233657 0.430041169921875 0.44012709960937496 0.4131793310653335 0.4402606876858569 0.4133229296876225 0.45838608399984765
7 0.425944309054078 0.45324736174371294 0.410514423828125 0.4286559824218751 0.3719367007115469 0.4528616128656622 0.38736658593749995 0.47745299218750004
7 0.39091657222054416 0.4930307180844727 0.387989248046875 0.44098941015625 0.36719566410758087 0.44215904949365226 0.37012298828125 0.49420035742187496
7 0.42774726380239564 0.6485769790807181 0.41708236328125 0.6027950859375 0.3568683455726044 0.6168219525599069 0.36753324609375004 0.662603845703125
7 0.4822768053438847 0.3793440529421048 0.448497880859375 0.372137880859375 0.4428525813748653 0.39860021658914524 0.47663150585937497 0.4058063886718751
7 0.579531210661519 0.3576460399863537 0.538132734375 0.32465415234374995 0.5254227639478558 0.3406027217323962 0.5668212402343749 0.37359460937499994
7 0.5434486761724349 0.32198436515550544 0.51248198828125 0.31165120117187506 0.48482531992131506 0.3945334063288697 0.5157920078124999 0.40486657031250006
7 0.5218650720465601 0.43663539242147986 0.4908886875 0.431915181640625 0.4881968458778677 0.44958039302563535 0.5191732304244278 0.45430060380649023
7 0.41128406753793095 0.675954433409309 0.3910591816406251 0.674848384765625 0.38791867074331926 0.732274859559441 0.4081435566406251 0.7333809082031251
7 0.4097221952289557 0.6110722808900684 0.40380108203125 0.5584401699218748 0.3711672285991693 0.5621114788755563 0.377088341796875 0.6147435898437499
7 0.5256838436324235 0.45067041876502784 0.5146331816406251 0.3699979687500001 0.45855898449257665 0.3776791163912223 0.46960964648437503 0.4583515664062501
7 0.46374549678336274 0.43111451732174527 0.46156045117187494 0.4016163984375 0.42324572977913716 0.4044545256470047 0.42543077539062496 0.43395264453124993
7 0.5632293913915232 0.4000549276657194 0.556601890625 0.34382159765625 0.5190479406397269 0.34824759967803054 0.52567544140625 0.40448092968750005
7 0.555567337692071 0.5480187205505936 0.5125468229391055 0.5168087451654099 0.44587255360640954 0.6087140207085663 0.48889306835937507 0.6399239960937501
7 0.5500033331979333 0.5453321110002791 0.5098263867187501 0.5202366015625001 0.498275160942692 0.5387296702497211 0.5384521074218751 0.5638251796875001
7 0.66523382650776 0.5375973335002102 0.638122400390625 0.491218037109375 0.6234854851412981 0.49977417480971553 0.6505969112584331 0.5461534712005507
7 0.6347696938164116 0.5147440373636953 0.61320201171875 0.47400508203125 0.6022950991523384 0.47977932982380467 0.6238627812499999 0.52051828515625
7 0.44323896390323925 0.45308039769575065 0.41689710483884546 0.44344915601969126 0.39535052960748124 0.5023799634020658 0.42169238867187503 0.5120112050781251
7 0.5376979108898783 0.31837348643955127 0.4949223671875 0.29209607617187505 0.44094614770387175 0.3799609803573239 0.48372169140625004 0.4062383906250001
7 0.47256741924053836 0.38425828000683826 0.46277736328124996 0.34074691210937497 0.4342565085879491 0.3471641032239394 0.4440465645472375 0.3906754711214028
7 0.3912094893211109 0.5423198745741954 0.38654931835937506 0.513541267578125 0.37737304393192017 0.5150271979996212 0.382033214893656 0.5438058049956915