7 0.5526623134890691 0.39941420011547724 0.523883619140625 0.38210976953125 0.4860015419796808 0.44511078621264777 0.514780236328125 0.46241521679687503
7 0.57939509575414 0.5065430385795704 0.569453125 0.44173611132812507 0.5229967301249971 0.44886294388721326 0.5329387008791372 0.5136698711386586
7 0.559765625 0.42152777734375013 0.526171875 0.42152777734375013 0.526171875 0.4572916660156251 0.559765625 0.4572916660156251
7 0.5293887174173662 0.5106940376458072 0.5038962178999352 0.4669926118239962 0.43741969384194407 0.5057705858969391 0.462912193359375 0.5494720117187502
7 0.4749197303954132 0.4641772859335251 0.461477240234375 0.428962759765625 0.4070799395264618 0.449727917191475 0.4205224296875 0.4849424433593751
7 0.47668766500328064 0.49455589949890455 0.4553481679687499 0.46072794726562494 0.39340605569984427 0.49980254190734535 0.414745552734375 0.533630494140625
7 0.46359402792128457 0.6030763572428616 0.454196720703125 0.5177861660156251 0.41114652871934043 0.5225294533040136 0.4205438359375 0.60781964453125
7 0.46373023641060207 0.49341105973072114 0.44520973046875 0.4928901699218751 0.44395416593314807 0.5375324148786539 0.46247467187500013 0.5380533046875
7 0.4192676004253456 0.5938614758040343 0.416307349609375 0.547549966796875 0.38868583121527933 0.5493155456803407 0.39164608203124995 0.5956270546875
7 0.4303608467191113 0.505488062862242 0.408397162109375 0.48746253906250003 0.3644075556246387 0.5410628590127582 0.386371240234375 0.5590883828125001
7 0.4219273602830875 0.4960313279513902 0.4215962128906251 0.45305568554687503 0.38019777056135473 0.4533746798762746 0.38052891795381716 0.4963503222807898
7 0.5384636592730184 0.5285716108870302 0.484266123046875 0.5191714960937501 0.4780261492636935 0.5551488445199556 0.532223685489837 0.5645489593132356
7 0.4833483019167635 0.381804734105808 0.45396095507812506 0.37865608984375004 0.4480384598019867 0.43393271315981713 0.4774258066406251 0.4370813574218751
7 0.5974287203019769 0.43774076093257114 0.5966670078125 0.4030352578125 0.550117521885523 0.40405692070805393 0.5508792343749999 0.4387624238281251
7 0.6154894863323808 0.42080102853516616 0.5766422753906248 0.38445276171875004 0.5607342011676191 0.40145451638670887 0.5995814121093749 0.437802783203125
7 0.6083071753810826 0.46411870233097624 0.5637670234374998 0.42992626171875004 0.5465266598321924 0.45238410329992207 0.5910668117757751 0.4865765439121483
7 0.6304152927165421 0.5158070383268256 0.5842384765625 0.46019624804687487 0.5544456201899159 0.4849349587268522 0.600622436343958 0.540545749006803
7 0.6364149323297266 0.4798996065763177 0.604920853515625 0.4792887304687501 0.6037169153265234 0.5413584754549325 0.635210994140625 0.5419693515625001
7 0.6271516104102761 0.46690002946131637 0.5962890625 0.4486111113281249 0.5844108895897239 0.4686555271793085 0.6152734375 0.4869444453124999
7 0.6436215063330714 0.4986273723198562 0.617325552734375 0.45673598046874997 0.605735295521831 0.46401138604470393 0.6320312491205273 0.5059027778958102
7 0.5193596551400206 0.5971357382664464 0.4984492531607876 0.5520476878457219 0.432845129270767 0.5824727913761506 0.45375553125 0.6275608417968751
7 0.45635288587889167 0.409821812537769 0.42857998828125005 0.3891132421875001 0.38551034458985844 0.4468752597278562 0.41328324218750007 0.4675838300781251
7 0.42397275590773725 0.4184403738653293 0.399660205078125 0.3996994492187501 0.3575323241703878 0.4543518351190459 0.3818448750000001 0.4730927597656251
7 0.41436665408248285 0.41083101781452813 0.40851093343324163 0.39126171626047046 0.38206718950700885 0.3991744757896924 0.38792291015625 0.41874377734375007
7 0.43183215248447504 0.3714482267082903 0.4115647060649609 0.3480020418509086 0.3608477098304858 0.3918430338926183 0.38111515625 0.41528921875
7 0.4612473297000557 0.34667470625678126 0.45239649804687493 0.332983576171875 0.42755998084681923 0.34903950663384375 0.4364108125 0.36273063671875
7 0.3802795396692418 0.4814128778408048 0.35883784960937504 0.4811667363281251 0.35834663806513334 0.5239567784091955 0.3797883281250001 0.5242029199218751
7 0.39071746716059885 0.5776282176951225 0.377453017578125 0.57072655859375 0.35445715002690104 0.6149228194142524 0.3677215996093749 0.621824478515625
7 0.4492279759717237 0.6082204847082548 0.436486154296875 0.58512593359375 0.3949376451220263 0.6080492496667452 0.407679466796875 0.6311438007812501
7 0.5315231079397921 0.5006915152056879 0.5263521640624998 0.45472756445312495 0.502821843256493 0.4573747252456675 0.5079927871337852 0.5033386759982305
7 0.5159448678152461 0.46519177456057487 0.4735305312500001 0.45148209179687504 0.4647637884347542 0.4786042059081752 0.5071781250000001 0.49231388867187503
7 0.5035668618586477 0.46353819576826044 0.50350467578125 0.441625126953125 0.47176457173510217 0.4417152007161146 0.4718267578125 0.46362826953125
7 0.47653670343890775 0.48639375097260606 0.47265740820312496 0.4617633125 0.4574563649204672 0.46415747754301895 0.46133566015624994 0.488787916015625
7 0.479473869051169 0.4641818096749306 0.475715470703125 0.43879173828125007 0.46008348841258473 0.4411056827954842 0.46384188676062876 0.4664957541891647
7 0.544140625 0.4965277773437501 0.515625 0.4965277773437501 0.515625 0.530208333984375 0.544140625 0.530208333984375
7 0.535595374996289 0.5595026494824648 0.49380826757812496 0.556872978515625 0.4913530214880861 0.5958883661425353 0.5331401289062501 0.598518037109375
7 0.5926063126966709 0.5331873396663533 0.584870943359375 0.492688216796875 0.5367501189439541 0.5018793380680218 0.54448548828125 0.5423784609375001
7 0.6355354399458505 0.5817036107625636 0.597541443359375 0.5746676855468751 0.5933942905228996 0.5970623111124365 0.6313882871093751 0.6040982363281251
7 0.6222712106809823 0.6802638341505652 0.6184520703125 0.6537685449218749 0.5881897717408926 0.6581306775681848 0.592008912109375 0.684625966796875
7 0.6241293778122325 0.6621583958720942 0.6207304453125 0.6120052578125 0.5830560439310073 0.6145584928087103 0.5864549764307398 0.6647116308683045
7 0.6045017017262119 0.6091318640781493 0.5912143374861512 0.576743913076595 0.5469940752130643 0.5948855587640707 0.560281439453125 0.627273509765625
7 0.5880345935833527 0.5656332804816706 0.556786283203125 0.5548165585937501 0.5378972032916473 0.6093850163933295 0.569145513671875 0.6202017382812501
7 0.5943825108627322 0.5790228050064169 0.59266805078125 0.534827873046875 0.5607074187491139 0.5360677262465179 0.5624218788305961 0.5802626582060598
7 0.6382871547987816 0.5927161974888079 0.636020095703125 0.5345283320312502 0.5901486928574685 0.5363155290736923 0.592415751953125 0.59450339453125
7 0.6418897779784161 0.5569322834481398 0.6358897890625002 0.531599001953125 0.6202784563965841 0.5352964235831102 0.6262784453125 0.560629705078125
7 0.5272002797195141 0.3130908246390305 0.47550668749999997 0.29229874414062507 0.43724534528048586 0.38742468512659456 0.48893893749999995 0.408216765625
7 0.45784808264498134 0.35483569884325333 0.4135801035156251 0.34861051562500006 0.4034776556362688 0.42045016053174683 0.44774563476562507 0.4266753437500001
7 0.47106131752772784 0.3962498365179677 0.45087269726562484 0.35207644531249993 0.4308011473160219 0.3612497709039073 0.45098976757812487 0.405423162109375
7 0.5756488000430676 0.3292276225005686 0.5230268079516267 0.3094943767123288 0.488760289158559 0.40087176593051027 0.54138228125 0.42060501171875
7 0.5850980383936876 0.3684748861838032 0.5604540546875001 0.3523022675781251 0.5220377741063125 0.4108413462380719 0.5466817578125001 0.42701396484375004
7 0.39830676079595806 0.540028988540355 0.37236307303673344 0.5190744717015444 0.32853758177202536 0.5733346042549394 0.35448126953125 0.59428912109375
7 0.42662007932856827 0.6239849151377391 0.3954221297293389 0.5973590791136977 0.3343798550882706 0.6688833612415837 0.3655778046875 0.6955091972656251
7 0.3933879419074317 0.6081348868873839 0.36694340429687505 0.5780542226562501 0.3050752827019434 0.6324437752219914 0.33151982031250005 0.6625244394531252
7 0.37536147141879916 0.6174644211302636 0.3620007103783571 0.6132608767772084 0.342964953803308 0.6737651021313199 0.35632571484375003 0.677968646484375
7 0.3547718520783639 0.5457660404694569 0.3462536247555668 0.5446827441095394 0.3404042453334529 0.5906778618432076 0.34892247265625004 0.591761158203125
7 0.5103017252112353 0.3914041623228539 0.505203798828125 0.34773706640625 0.48781168084007476 0.34976751370961034 0.49290960722318494 0.39343460962621424
7 0.4179621552922075 0.6140707972089848 0.41139960502379525 0.5868464727635085 0.37509927004408783 0.5955968376638988 0.38166182031250007 0.6228211621093751
7 0.40854634224489755 0.5429194124832618 0.390654048828125 0.5346310703125 0.3704842378332275 0.5781722476729882 0.38837653125000005 0.58646058984375
7 0.6172332383054278 0.6300408639765501 0.5932429140625 0.5902346953125001 0.571792719815473 0.6031622674032224 0.5957830440584008 0.6429684360672725
7 0.6306031541593093 0.5983542687669443 0.602055990234375 0.59660425 0.6008724122469407 0.6159113542799308 0.629419576171875 0.6176613730468752
7 0.5856350974776685 0.39501039301098606 0.57508242578125 0.38063932031250003 0.5346568322098315 0.4103238140202641 0.54520950390625 0.4246948867187501
7 0.4078973666005008 0.7016608795247773 0.395708283203125 0.66915665625 0.3805444458994992 0.6748430950845978 0.39273352929687494 0.7073473183593751