7 0.5256991373685946 0.5081521867723195 0.5105318515625 0.4768696582031251 0.45536756966265535 0.5036159753370556 0.47053485546875007 0.53489850390625
7 0.49918551866969263 0.45270873300862224 0.44391588671875 0.44892961132812503 0.44070294993829284 0.4959187925058395 0.4959725818892355 0.4996979141863367
7 0.5704621275575524 0.494233270858094 0.5105006835937501 0.4315284921875001 0.4757621654111976 0.4647471998450314 0.535723609375 0.5274519785156252
7 0.5421277715645129 0.43753207008947537 0.5205326182432906 0.40475735215375086 0.46762211621002764 0.4396199070642756 0.48921726953125 0.4723946250000001
7 0.4890435131631617 0.4490097184479168 0.4835781250000001 0.41929166601562506 0.4460971118368384 0.4261847249114583 0.45156250000000003 0.45590277734375007
7 0.4702375951025414 0.5551274072560488 0.4507528608585681 0.5204932921341126 0.38698566809977675 0.556367943471814 0.40647040234375004 0.5910020585937501
7 0.47446086043901126 0.5490532693803656 0.444225697265625 0.5368429140625 0.4195082606547387 0.5980479903852592 0.44974342382812493 0.610258345703125
7 0.4551575774086435 0.5160662553052423 0.4281884746093749 0.4828364667968751 0.36168222532573147 0.5368125513353829 0.38865132812500003 0.5700423398437501
7 0.6082506579549054 0.5151905539355843 0.6080897343750001 0.47199130859375005 0.5705721467253193 0.47213106715819303 0.5707330703052246 0.5153303125000273
7 0.6420616636317833 0.6295233978489833 0.6413230078125 0.5888152578124999 0.6155502445713417 0.5892829087916415 0.616288900390625 0.6299910488281248
7 0.6179123875030055 0.6419930467316595 0.616321408203125 0.5825964687499999 0.5853354562469945 0.5834264493620904 0.586926435546875 0.64282302734375
7 0.6404798900242709 0.6289122594949432 0.5922961816406251 0.6245566699218751 0.5896377466786491 0.6539656059145548 0.6378214550622948 0.6583211954876229
7 0.6431141119389383 0.7017823695469793 0.596984474609375 0.6570506015625001 0.5764134056391865 0.6782645171717709 0.6225430429687498 0.7229962851562501
7 0.5789273683540389 0.5851533321520117 0.5408474667968751 0.561666408203125 0.5255739675834612 0.5864296912854884 0.563653869140625 0.609916615234375
7 0.5420979362322141 0.6084354194679586 0.5311715117187501 0.55432359375 0.504456282517786 0.5597180141257914 0.51538270703125 0.6138298398437501
7 0.5298079407392181 0.5554310821951047 0.528727513671875 0.51605547265625 0.5039367271759805 0.5167357068688647 0.5050171542433235 0.5561113164077195
7 0.5219408723846825 0.553385647084635 0.4898450546875 0.547066783203125 0.47982607488094264 0.5979568411966151 0.511921892578125 0.6042757050781251
7 0.5311549880608593 0.38348205420827475 0.5252564453125 0.326856033203125 0.49472832035258935 0.33003604562333216 0.5006268631009486 0.3866620666284819
7 0.5853095981762229 0.41009407124488595 0.5424447109375001 0.3419113242187499 0.5097210493812216 0.3624839195427594 0.5525859366199444 0.4306666665688954
7 0.5892385347589453 0.41651104383664944 0.577776298828125 0.35700929296875006 0.5505441332796898 0.3622552143386323 0.5620063692105101 0.42175696520653166
7 0.5854731688979619 0.3512196834103882 0.546393841796875 0.34403267968750006 0.5423682822739131 0.36592165643336194 0.581447609375 0.37310866015625005
7 0.6123193770297579 0.42730656421049945 0.5927670820312501 0.361263255859375 0.575282303346765 0.36643967053874127 0.594834598345273 0.43248297888986575
7 0.6129980744399227 0.4520408319162364 0.568264552734375 0.40599931250000004 0.5446815114975773 0.4289123809743888 0.5894150332031249 0.47495390039062513
7 0.6220158752603925 0.466453306213677 0.58804655859375 0.45034933593750004 0.5772396755208576 0.47314510784882313 0.6112089921875001 0.4892490781250001
7 0.5859898458858995 0.5024073644447815 0.58576428515625 0.44265913281249997 0.5393880584109755 0.44283421172709336 0.539613619140625 0.502582443359375
7 0.442912333381286 0.4832744132703636 0.40445012109375 0.464626068359375 0.392727692009339 0.48880357891713644 0.431189904296875 0.5074519238281251
7 0.47311720960199244 0.4956804041856153 0.44936810742187505 0.49234068554687505 0.4448515403980076 0.5244584844862599 0.468600642578125 0.5277982031250001
7 0.44826411493084406 0.471980328147605 0.4130769238281251 0.4549198710937501 0.40504718313055255 0.47148121054314807 0.4402343742332715 0.4885416675970029
7 0.48858541167753544 0.4037820230480501 0.463376169921875 0.3854766757812501 0.41904364105683967 0.4465292972644501 0.4442528828125001 0.4648346445312501
7 0.42983036512646 0.4131229383257375 0.4021401953125 0.4104141171875 0.3973886719829151 0.45898524136176255 0.42507884179687505 0.46169406250000006
7 0.4086661606719157 0.4544993681932315 0.4017237382812501 0.39714497460937503 0.36906829638753785 0.40109772969601937 0.37601071877820347 0.45845212327987583
7 0.41095657180281864 0.4600761173504951 0.39950208007812493 0.44220548828124995 0.3582883559315563 0.4686221443682549 0.36974284765625 0.4864927734375
7 0.41669487572068475 0.489337569016342 0.40407249804687506 0.4627629570312501 0.35262597779494026 0.4871989641867832 0.36524835546875 0.5137735761718751
7 0.5397643381487873 0.4209828278530402 0.5362793025609053 0.38205622853115545 0.48460971441211786 0.3866821233343652 0.48809474999999997 0.42560872265624994
7 0.40402229608498164 0.5586882973842806 0.3747575429687501 0.5479525859375001 0.3458554382900185 0.6267375795688443 0.3751201914062501 0.637473291015625
7 0.39580166501002734 0.6547706459758208 0.39006001171875004 0.6278566425781249 0.35877308498997273 0.6345311860554292 0.36451473828125003 0.6614451894531251
7 0.599288222689024 0.5454628612634617 0.580125888671875 0.496674552734375 0.5104441659828509 0.5240430860021634 0.5296065 0.5728313945312501
7 0.622491699657622 0.5587980892567406 0.605424322265625 0.556512279296875 0.600875386279878 0.5904776607432594 0.617942763671875 0.5927634707031251
7 0.6490437293879472 0.5305747952032097 0.61171807421875 0.4951845449218751 0.5936418506901777 0.5142493122186655 0.6309675058593749 0.5496395625000001
7 0.617644710214051 0.5476984790731583 0.5587811250000001 0.5286718613281252 0.5462071587418166 0.5675725605609355 0.6050707439558675 0.5865991783059686
7 0.6250225718445076 0.5352076815451978 0.582621810546875 0.50290233984375 0.5661998656554923 0.5244561426735522 0.6086006269531249 0.5567614843750001
7 0.623678989399891 0.49213337676367824 0.6015534550781251 0.4808950097656252 0.5937974051313593 0.4961647326113222 0.6159229394531252 0.5074030996093752
7 0.5240900012610614 0.3238928826868711 0.461584125 0.30124201562500014 0.4230048385826886 0.40770293371937916 0.48551071484375 0.4303538007812501
7 0.45489474661631885 0.3357878830360843 0.4047338984375001 0.3255989609375 0.3875283158836813 0.4103033689170408 0.4376891640625 0.420492291015625
7 0.4302906279713247 0.4027913178744754 0.3952313007812501 0.39780510546875003 0.3921804286693004 0.4192565629848997 0.42723975585937507 0.4242427753906251
7 0.41174628090571974 0.5002654518608218 0.38303814843750006 0.48601693164062504 0.3391634749536555 0.5744162825141783 0.3678716074218752 0.588664802734375
7 0.39350608598839687 0.6527000322191833 0.3541853301063511 0.6479385349231568 0.3460513359148293 0.7151095905945986 0.38537209179687504 0.719871087890625
7 0.35993049989303866 0.6367046128874221 0.3419591660656179 0.6337918864102975 0.3320345860944543 0.6950259024291254 0.3500059199218751 0.69793862890625
7 0.42914011459636625 0.6324587443774536 0.428994693359375 0.579460642578125 0.37992348696613376 0.5795952888256714 0.380068908203125 0.632593390625
7 0.373103896146582 0.6302838791319566 0.36452158789062505 0.625964494140625 0.35225604330654314 0.6503352517274186 0.3608383515625001 0.6546546367187501
7 0.3649544527068008 0.6187976962843152 0.3507557324218751 0.615918740234375 0.3429742875275743 0.6542960400438098 0.35717300781250005 0.6571749960937501
7 0.3551078782259407 0.5838927917473953 0.34531898828124996 0.5827280078124999 0.3394025065396843 0.6324503527838546 0.349191396484375 0.63361513671875
7 0.6493136102681646 0.5898775387700013 0.6300569179687501 0.55706983984375 0.6136585777323024 0.566694952317021 0.6329152700317169 0.5995026512432723
7 0.6401180912456559 0.6761024930241708 0.6036191621093749 0.63717030078125 0.5878540083637188 0.6519501319758294 0.6243529374999998 0.6908823242187502
7 0.5704322975776042 0.4411257701378919 0.561224056640625 0.4113428632812499 0.5208905207817708 0.42381313415898303 0.53009876171875 0.453596041015625
7 0.5450936602717814 0.4078937297964794 0.5313832460937501 0.4003169218750001 0.5132347284000937 0.4331570963753959 0.526945142578125 0.4407339042968751
7 0.3635022833472868 0.6268746895839186 0.36122333203125 0.59041147265625 0.34648064829333813 0.5913328904942065 0.3487595996093749 0.627796107421875
7 0.637824516147583 0.5740759844291565 0.612061001953125 0.5224021523437501 0.5972928971350016 0.5297652268971936 0.6230564113294594 0.5814390589826001
7 0.6263756858397659 0.47110157576837186 0.608126017578125 0.4467686855468751 0.6006145172852341 0.4524023109503782 0.6188641855468748 0.47673520117187496
7 0.6257215948642072 0.47282373660588545 0.61342096875 0.4710029199218751 0.6107455340420429 0.48907696456598976 0.6230461601562501 0.4908977812500001
7 0.6076200790433364 0.4349717792617216 0.5851593066406249 0.400745841796875 0.5725065303316634 0.4090492265976535 0.5949673027343749 0.4432751640625001
7 0.45906466471226426 0.48368390203160544 0.4365972832031251 0.4787190117187501 0.42781230989711083 0.5184732327340197 0.45027969140625 0.5234381230468751
7 0.5404943119788336 0.3686673813227831 0.5348060351562501 0.34338614648437493 0.5237635001028887 0.34587071642757933 0.5294517769254723 0.3711519512659875
7 0.3781126876973935 0.5069386049659186 0.3685315903878703 0.5009846377962794 0.344546221049852 0.539581786736611 0.35412731835937505 0.5455357539062502
7 0.3715537667009971 0.5445667631036565 0.35458733210325877 0.5412472437725806 0.3442617724335118 0.5940223341845492 0.36122820703125014 0.5973418535156251