5 0.6551049031560361 0.47467904029760766 0.6070493203125 0.39386484765624996 0.5788507092671971 0.4106329504469808 0.6269062921107331 0.4914471430883385
5 0.5189942686827451 0.6439080674587201 0.4931547119940248 0.6046104087926706 0.42944406831127974 0.6465023393808256 0.4552836250000001 0.6857999980468751
5 0.5089491272592356 0.575660534860333 0.47886117773437503 0.5722756406250001 0.47327743524076443 0.6219089084990422 0.503365384765625 0.6252938027343751
5 0.6237207208056129 0.5925671344265697 0.56780158203125 0.5793122265625 0.557193238178762 0.6240661741671805 0.6131123769531249 0.6373210820312502
5 0.4818628980015406 0.3556572694793864 0.4565204318814212 0.3461538450610018 0.43271041864550575 0.4096472162066155 0.4580528847656251 0.41915064062500007
5 0.4004987913638158 0.5840115550959694 0.37207031250000006 0.5673611113281252 0.3375790387143094 0.6262504995915309 0.3660075175781251 0.6429009433593751
5 0.4788171641166802 0.6096172534344809 0.46159753250428226 0.5687468792006888 0.40272002659072703 0.5935533308443329 0.41993965820312507 0.6344237050781251
5 0.526485875862069 0.4030028255926725 0.49984794531250004 0.40078299804687506 0.496861440544181 0.43662105526670264 0.52349937109375 0.43884088281250005
5 0.5665399955036785 0.41501530257339136 0.517693390625 0.40712090234375004 0.5117771138713215 0.44372786734848374 0.56062371875 0.45162226757812507
5 0.55703125 0.44097222265625013 0.513671875 0.44097222265625013 0.513671875 0.4815972226562501 0.55703125 0.4815972226562501
5 0.574672053007256 0.49055137839830465 0.5620919585650386 0.466491948416769 0.5256899602452827 0.48552567353408943 0.5382700546875001 0.509585103515625
5 0.6048004438292669 0.4721338750326426 0.591252123046875 0.44138735937500007 0.5494052397644831 0.4598270097329824 0.562953560546875 0.49057352539062493
5 0.626540688546236 0.44848244577483354 0.5811718749999999 0.42159722265625016 0.5653343114537639 0.44832311086579185 0.610703125 0.47520833398437523
5 0.6260771891822741 0.5406912048407653 0.5890036796875001 0.5269602734375 0.5783451283053804 0.555738358059755 0.6154186378001544 0.5694692894630204
5 0.6329085881368254 0.5756415250697611 0.581599412109375 0.548276630859375 0.5645290544412996 0.5802835511021142 0.61583823046875 0.6076484453125003
5 0.6140625 0.62152777734375 0.578515625 0.62152777734375 0.578515625 0.667013888671875 0.6140625 0.667013888671875
5 0.6344124213500537 0.6667513525027534 0.6012001621093749 0.650854884765625 0.591709076696821 0.6706844717159965 0.6249213359374999 0.6865809394531249
5 0.6394154537197628 0.5765974704116728 0.630567888671875 0.52591512890625 0.6093398001864873 0.5296208948227022 0.6181873652343751 0.580303236328125
5 0.4944524802922769 0.44035927554522164 0.4689861308593751 0.4389950058593751 0.46735229509834836 0.4694932517985285 0.4928186445312501 0.47085752148437504
5 0.5291097378698981 0.4863141804542652 0.5197742240292477 0.4579575587847384 0.4777391502218495 0.4717962670023482 0.4870746640625 0.500152888671875
5 0.5179497727388619 0.4632853025045197 0.5144175 0.427320361328125 0.4893677116361381 0.42978060960485526 0.492899984375 0.46574555078124996
5 0.46033848354374013 0.48945566605826923 0.457872083984375 0.46254107421874996 0.42732875669063486 0.4653400038636058 0.42979515625 0.4922545957031251
5 0.45332848186711766 0.5219536879600356 0.451377302734375 0.48657231054687505 0.4215049146172573 0.48821968508683933 0.42345609375 0.5236010624999999
5 0.4854286053960154 0.5034561873446307 0.4828075703124999 0.46462605078124997 0.4504238692133594 0.46681195132724423 0.45304490429687494 0.5056420878906249
5 0.4730468750000001 0.5125 0.4398437500000001 0.5125 0.4398437500000001 0.542013888671875 0.4730468750000001 0.542013888671875
5 0.5140625 0.5125 0.4804687500000001 0.5125 0.4804687500000001 0.544791666015625 0.5140625 0.544791666015625
5 0.5473770951709502 0.534924678086166 0.52281993359375 0.534087501953125 0.5216666782665498 0.5679163180075841 0.54622383984375 0.568753494140625
5 0.57734375 0.597916666015625 0.552734375 0.597916666015625 0.552734375 0.659375 0.57734375 0.659375
5 0.4255641972574843 0.4325704439010858 0.406005984375 0.418748052734375 0.37550339844564073 0.4619081732864143 0.395061611328125 0.4757305644531251
5 0.4236060038157249 0.6112260448544754 0.417493765625 0.572235556640625 0.39141211532490006 0.5763241758486495 0.39752435351562493 0.6153146640624999
5 0.43171110228781073 0.49942921281961244 0.41976562462825273 0.4747916652488963 0.38271497937169197 0.49275561453865885 0.39466045703124997 0.517393162109375
5 0.44633755372086004 0.5091582848429723 0.4283203125000001 0.4888888886718751 0.3940140087791401 0.5193833811726527 0.41203125000000007 0.5396527773437501
5 0.525812961258924 0.5496608305378698 0.4865703125000001 0.5396944453125001 0.4785229762410763 0.5713808374308804 0.5177656250000001 0.5813472226562502
5 0.3830166694975391 0.523472145215083 0.3701640761718751 0.5174086230468748 0.351019246518086 0.557989114550542 0.36387183984375004 0.56405263671875
5 0.40230760474853017 0.5228915617079235 0.3923828113791006 0.5020833316343077 0.3624836851461954 0.5163441625045092 0.372408478515625 0.537152392578125
5 0.4208304577329745 0.5328677881757015 0.408145244140625 0.5093628339843751 0.3736169075014004 0.5279971747149237 0.38630212109374995 0.55150212890625
5 0.4317450302501515 0.5484904652587019 0.40994205859375005 0.5296225097656251 0.3710428935779736 0.5745726577881731 0.39284586523437504 0.59344061328125
5 0.3931462384122606 0.5674764021631554 0.3874068515624999 0.5300641035156252 0.3627041229158643 0.5338537267430947 0.368443509765625 0.571266025390625
5 0.6223751624684501 0.49429195532487247 0.6029296875 0.45972222265625007 0.58660921253155 0.4689024899876277 0.6060546875000001 0.50347222265625
5 0.5770571269077801 0.6443650994651072 0.5528092890624999 0.549529109375 0.5191436426234696 0.5581368028786426 0.5433914804687499 0.6529727929687499
5 0.5568645497221171 0.6837559787692439 0.5277213222656248 0.588316169921875 0.49203130769975767 0.5992143708401311 0.5211745351562499 0.6946541796875
5 0.5029153791572529 0.4366856907311913 0.48600188671875005 0.4193735625 0.4765557956246892 0.4286021442294813 0.49346928806319207 0.44591427246067256
5 0.425289411151063 0.4678089365300657 0.41488601367187494 0.452854052734375 0.386080977520812 0.47289233886055926 0.396484375 0.48784722265624997
5 0.6030785811764124 0.5295999032929938 0.57291214453125 0.508267923828125 0.5315034754642125 0.5668256396757563 0.561669912109375 0.588157619140625
5 0.5555048011522663 0.5489647960471998 0.527254482421875 0.47865289453125 0.4934262574414836 0.49224459262467524 0.5216765761718749 0.562556494140625
5 0.4870704628816741 0.5426203277825499 0.4512947480468751 0.5370862714843752 0.4410828984464511 0.6031022640143254 0.4768586132812501 0.6086363203125001
5 0.4521280240874353 0.5762315007304528 0.4502911971672935 0.5417910176875359 0.4126298820642331 0.543799622425833 0.41446670898437493 0.5782401054687499
5 0.4168836484375001 0.610148041015625 0.38713893164062513 0.610148041015625 0.38713893164062513 0.650824578125 0.4168836484375001 0.650824578125
5 0.49417917786613186 0.417413681688532 0.4658480292968751 0.40147741015625005 0.43511442369636827 0.4561149296395931 0.46344557226562505 0.47205120117187505
5 0.4503255937371926 0.44683585326588116 0.4273013391265368 0.4367627418737192 0.4040711614049692 0.4898602909515881 0.427095416015625 0.49993340234375006
5 0.46867124760511314 0.4293309634401556 0.452271189453125 0.404171783203125 0.4091235199730119 0.4322976713254694 0.42552357812499997 0.4574568515625
5 0.598573248271844 0.43671134596018174 0.5909644921875 0.362064134765625 0.532557919499872 0.3680174899974018 0.5401666755842159 0.44266470119195855
5 0.609350557415216 0.38204700455346463 0.574751193359375 0.348496107421875 0.561026632037909 0.3626495618527854 0.5956259960937501 0.39620045898437506
5 0.6035034347694092 0.3649741519237969 0.5789939375000002 0.34690753125 0.573226860152466 0.3547312504199531 0.597736357421875 0.37279787109375
5 0.506758554701241 0.49592815158784687 0.4806640616654303 0.4812499995305546 0.4522234366516894 0.5318111116145829 0.4783179296875001 0.5464892636718751
5 0.6315147338335376 0.6268868194359807 0.6212298554687499 0.5720341269531252 0.6076730568283139 0.574576026333477 0.6179579351931015 0.6294287188163326
5 0.45121345127849527 0.3922825629419299 0.429527875 0.37457558984375006 0.3902513983308798 0.42267714994869526 0.41193697460937506 0.44038412304687513
5 0.4958545020227121 0.38750095183263 0.4678915000000001 0.3812092753906251 0.4584065155554131 0.4233647551986202 0.4863695175781251 0.4296564316406251
5 0.5209803239046968 0.40887691931837244 0.483930244140625 0.34807678710937506 0.4562334124234282 0.36495454357225265 0.4932834921874999 0.42575467578125004
5 0.47967011348195154 0.30171464179683327 0.450894076171875 0.29622768554687506 0.43805070878367347 0.3635840125000419 0.46682674609375 0.3690709687500001
5 0.5352801660736585 0.30488914177303583 0.49790402929687505 0.29572411328125003 0.4905361229888416 0.32577136018008934 0.527912259765625 0.3349363886718751
5 0.5541806568368921 0.3939871345739596 0.5093000859375 0.3188928476562499 0.4690287923818578 0.3429612384729152 0.5139093632812499 0.4180555253906249
5 0.4109006387149936 0.4949411258835378 0.398724466796875 0.4692570097656251 0.3614319042537563 0.4869364444289624 0.37360807617187497 0.512620560546875
5 0.39775295210438905 0.4587419484102895 0.38225800390625 0.452275306640625 0.357415504926861 0.5118012937772106 0.37291045312500004 0.5182679355468751
5 0.5772540481650568 0.38892364072671515 0.554035599609375 0.30971596875 0.5127471920693183 0.3218189979451599 0.535965640625 0.401026669921875
5 0.6042151573857097 0.5279279284866166 0.5989217167968751 0.478522509765625 0.5767317176142903 0.4809000109665083 0.582025158203125 0.5303054296875
5 0.6222214289730776 0.506178565471434 0.60313133984375 0.49991462890625005 0.5898099929019225 0.5405130126535661 0.6089000820312501 0.5467769492187501
5 0.45057415490306163 0.5323177303040889 0.4405693769531249 0.518539599609375 0.4075480169719384 0.5425175528990361 0.4175527949218751 0.55629568359375
5 0.5019442802462811 0.34949430438603546 0.501372330078125 0.314414771484375 0.4686419463162189 0.3149484202233396 0.469213896484375 0.350027953125
5 0.5008415034028054 0.31531679017399844 0.499153802734375 0.300317345703125 0.47211148487844457 0.3033600809197516 0.473799185546875 0.318359525390625