5 0.5508604259153701 0.3811240825257145 0.5216448889268612 0.3698030618419713 0.498748425902116 0.4288907078318818 0.5279639628906249 0.440211728515625
5 0.5655227754109469 0.4609849826736892 0.5588531562499999 0.4430165019531251 0.531713242167178 0.45309041381068593 0.538382861328125 0.47105889453125005
5 0.6294070896634617 0.5237710541766829 0.5935523906250001 0.5192892167968752 0.5874771017427884 0.5678915278545673 0.6233318007812501 0.5723733652343752
5 0.47623866785451124 0.6180886722043407 0.4496098574218749 0.57993536328125 0.3812009415204886 0.6276808434206592 0.40782975195312493 0.66583415234375
5 0.42953519111598276 0.6270959526863503 0.40431917578125 0.5382540761718752 0.3494304924777672 0.5538331469230249 0.3746465078125 0.6426750234375
5 0.4518882565045248 0.5563665782487274 0.4299609374999999 0.47840277734375003 0.3827211184954751 0.4916889764387727 0.40464843749999996 0.5696527773437501
5 0.4546817578646477 0.5535075549588725 0.4353173867187501 0.538788015625 0.40206083979160234 0.5825388493380026 0.42142521093749996 0.597258388671875
5 0.5078097170183519 0.5864299419879224 0.48501376757812503 0.526254775390625 0.454039540147109 0.5379886344290683 0.4768354895873358 0.5981638010263657
5 0.47442644478093304 0.5229398511896004 0.441967275390625 0.520267908203125 0.43858771537531704 0.5613233167791496 0.47104688476562506 0.563995259765625
5 0.5169981950920526 0.4026528257716782 0.49324730990993226 0.36851092877189506 0.44208095466162967 0.4041049155002169 0.46583183984375 0.4382468125
5 0.5456216372976744 0.598610649430102 0.52274523828125 0.501004685546875 0.4815510697335754 0.5106595693198981 0.5044274687499999 0.608265533203125
5 0.5397089298997428 0.46753641646344224 0.5379245039062499 0.42839055078124993 0.4899713845533821 0.43057644681780766 0.491755810546875 0.46972231249999996
5 0.5804955163187453 0.4665928667669381 0.5402935722656251 0.45967640429687506 0.5345552239156298 0.493030559014312 0.57475716796875 0.499947021484375
5 0.6082396917759705 0.4825599414893069 0.608110712890625 0.4497704765625 0.5764896988490296 0.4498948592919431 0.576618677734375 0.48268432421875
5 0.5842366056178315 0.5462987926799969 0.575922974609375 0.4783117734374999 0.5336207381321684 0.483484601851253 0.5419343691406249 0.5514716210937499
5 0.6044642342948738 0.5510292419071884 0.55467601171875 0.52890114453125 0.5424337442207512 0.5564462483271868 0.5922219667968749 0.5785743457031252
5 0.5417990238001515 0.5194292156054074 0.536330513671875 0.460018244140625 0.4914198199498484 0.46415206955084254 0.496888330078125 0.523563041015625
5 0.5100270512337204 0.4894901827870403 0.478247501953125 0.46160362890625006 0.4273056675162797 0.519657002759835 0.4590852167968751 0.5475435566406252
5 0.4980916495753256 0.4363247509346645 0.448377005859375 0.43043264453125 0.44336645394029944 0.47270917289346054 0.49308109765625 0.478601279296875
5 0.5143007936011703 0.4238721736085599 0.49874977343749993 0.40683766796875 0.46912564194570455 0.4338819201414401 0.4846766621093749 0.45091642578125
5 0.4690883780770205 0.4694645044277702 0.4484794140625001 0.45743450781250006 0.42072128989172963 0.50498781979098 0.44133025390625 0.5170178164062501
5 0.5690635678303279 0.577281516062772 0.5428919190723447 0.5620341948175729 0.5134867418670168 0.6125074521923008 0.539658390625 0.6277547734375001
5 0.5160347520026908 0.6036071141417048 0.5069338568578547 0.5749858361168454 0.4620598001676639 0.5892547336938907 0.47116069531249993 0.6178760117187501
5 0.47594336336954074 0.5518856538066483 0.43880945124523024 0.5505380526661575 0.4369950781100646 0.6005341312813844 0.4741289902343751 0.6018817324218753
5 0.4452665156250001 0.44740284765625 0.407574009765625 0.44740284765625 0.4075740097656251 0.484291583984375 0.44526651562500014 0.484291583984375
5 0.4754287533924403 0.42392764199508304 0.4579577617187501 0.40786356835937504 0.4225664653575598 0.446354492770542 0.44003745703125 0.46241856640625
5 0.42569874061171475 0.4522044372376669 0.4154637725638315 0.43565257671211455 0.38307730929586675 0.45567899103694776 0.39331227734375 0.4722308515625001
5 0.506260839633896 0.33445823564633886 0.46770680078125 0.3327900332031251 0.465298545131729 0.3884475358380363 0.503852583984375 0.39011573828125007
5 0.4731581755965259 0.41007091675135504 0.4523540874072576 0.37379379017275327 0.3944135641544816 0.4070213324057733 0.41521765234374997 0.44329845898437503
5 0.45857083868337034 0.3843220808070604 0.45527528515625004 0.358163619140625 0.41963305584787974 0.3626539777866897 0.42292860937500004 0.38881243945312505
5 0.5089522513087159 0.35024083525048255 0.5084147109368163 0.32151604097908804 0.45894400259685036 0.3224418092442305 0.45948154296875 0.351166603515625
5 0.47441823145068956 0.3357382134718193 0.4459906349080339 0.3031259627664894 0.38324901478546924 0.35781686648217015 0.41167661132812483 0.3904291171875
5 0.5260505445518283 0.34866170693324033 0.502282171875 0.3406398808593751 0.4827344730262967 0.3985589864261348 0.506502845703125 0.40658081250000006
5 0.5881937546145177 0.38048367155883767 0.5365272070312499 0.2971763710937501 0.492817147729232 0.32428501398803755 0.5444836953124998 0.4075923144531251
5 0.6128696549437421 0.624939795158788 0.6081033691406251 0.5835896015624998 0.5775648257727953 0.587109667928405 0.5823311115759123 0.6284598615246931
5 0.5763901693407246 0.6088672008718677 0.5606254140625 0.560458259765625 0.5471182076124004 0.5648569885812573 0.562882962890625 0.6132659296875
5 0.5940100674091864 0.5731802829906684 0.5669464296875 0.5651614257812501 0.5614698695588148 0.5836448125548273 0.5885335072805012 0.5916636697642457
5 0.6484263532875644 0.5744840659366467 0.6204954707490477 0.570149964547805 0.6128943303521084 0.6191351036892833 0.6408252128906251 0.623469205078125
5 0.6631468988804262 0.6044330665600595 0.64691330078125 0.5844581328125001 0.6112124976039488 0.6134721209399407 0.627446095703125 0.6334470546875001
5 0.6254460284590646 0.6331203495944443 0.5891997636718751 0.6099227402343751 0.5744141824784357 0.633025210952431 0.6106604472656252 0.6562228203125002
5 0.6079355725201636 0.6711615296895705 0.59543269140625 0.6378205117187501 0.5824189932439632 0.6427006482856008 0.5949218743578768 0.6760416662564214
5 0.6244808638055991 0.48044538695017236 0.5837303143121089 0.47748768553664006 0.5801763001158851 0.5264540993677179 0.6209268496093753 0.5294118007812502
5 0.6020586700173584 0.5461016034573334 0.5838962578124999 0.52006230078125 0.5706836489812384 0.529278094724739 0.5888460611860968 0.5553173974008223
5 0.630620707076033 0.47792462209126396 0.5974976074218752 0.4190391113281249 0.5793967167520923 0.4292208622837359 0.6125198164062501 0.488106373046875
5 0.40430390737114746 0.47613929020315565 0.389425021484375 0.4623993984375 0.35290728012885264 0.5019443465155944 0.3677861660156251 0.5156842382812501
5 0.41323848174913336 0.48098540974065906 0.38470412695312506 0.47310603710937504 0.3607493932508667 0.5598556937749661 0.38928374804687504 0.56773506640625
5 0.4162275576742422 0.49628067686234134 0.41522872460937504 0.46304971875 0.3867469032632579 0.4639058055595337 0.38774573632812503 0.49713676367187504
5 0.40675812091673086 0.6072325807147236 0.3711526644174648 0.5904523078405632 0.3400965239694841 0.6563492134539647 0.37570198046875014 0.6731294863281252
5 0.42555665424399913 0.43972462838080295 0.42167349609374993 0.4217463554687499 0.3939566836466258 0.4277329575566969 0.397839841796875 0.44571123046874994
5 0.3617933218630665 0.5948861511368124 0.359722185546875 0.568743796875 0.34773369165503665 0.5696935891097451 0.34980482797122814 0.5958359433715575
5 0.3632065285328226 0.595757319410739 0.3583695635189465 0.5892274167076091 0.34583179865799896 0.5985146500312453 0.35066876367187505 0.6050445527343751
5 0.3730531649312345 0.5957292229587186 0.3624558261718751 0.5902964101562501 0.3445707100687656 0.6251834274319067 0.355168048828125 0.6306162402343751
5 0.39195837653548127 0.5453327473812692 0.380323875 0.5409321972656249 0.3628733324488937 0.5870692389468557 0.374507833984375 0.5914697890625
5 0.38063742396262035 0.5460584889842509 0.36692751724907 0.5428966420517973 0.35557841945832475 0.5921068268956714 0.36928832617187507 0.595268673828125
5 0.4088021335250125 0.6601344964995699 0.3966153255221224 0.6281441330600249 0.34633863145023486 0.647297163904205 0.358525439453125 0.67928752734375
5 0.6240940450260097 0.40591713588450795 0.5694710976562499 0.3376794609375001 0.5323977311273687 0.36735597834961176 0.5870206784971285 0.4355936532966196
5 0.6507830957117151 0.5618821233147038 0.62872194921875 0.50435973046875 0.606279099600785 0.5129670739509212 0.6283402460937499 0.570489466796875
5 0.6427462710007317 0.557945615352249 0.616487716796875 0.5571675839843752 0.6159077250930184 0.5767423006633763 0.6421662792968751 0.5775203320312501
5 0.5902778169371188 0.46123714995541487 0.5872253789062499 0.416618796875 0.548772837226761 0.41924941841305857 0.5518252752576298 0.46386777149347347
5 0.6272820373957095 0.609740465171925 0.615369572265625 0.6093216679687501 0.6147053454167907 0.6282152496718253 0.6266178105468752 0.6286340468750002
5 0.36935585784939823 0.5090775760901324 0.360280970703125 0.508640037109375 0.3587438179318518 0.5405217403161178 0.36781870507812503 0.5409592792968752