7 0.5766388618105214 0.45601465588689327 0.5720764531250001 0.38610600781249993 0.5238787670957287 0.3892515062224817 0.52844117578125 0.45916015429687507
7 0.5461571856527668 0.41345386360059083 0.523099134765625 0.3583265703124999 0.4959310877847331 0.3696901285869091 0.518989138671875 0.424817421875
7 0.6064042376858205 0.5076527839751256 0.5687533535156251 0.45157218554687506 0.5441552106290651 0.4680866638973279 0.5818060947992607 0.5241672623255784
7 0.6080031559146648 0.6010341561365964 0.6037265527343749 0.553141044921875 0.53743402572596 0.5590606192540286 0.5417106289062499 0.60695373046875
7 0.5414475078062034 0.5900338289141552 0.4965378691406249 0.5665516640625 0.480250841383835 0.5977006035284506 0.5251604800494135 0.6211827683801059
7 0.5631574120581455 0.5790324189677256 0.536349158203125 0.51775641015625 0.5055294863793545 0.5312400165791495 0.5323377402343749 0.5925160253906252
7 0.4650513376660469 0.4112330431349884 0.44166057421875 0.39288206640625006 0.40284163889645314 0.44236196858376187 0.42623240234375004 0.4607129453125002
7 0.4758221043300345 0.4436878518242551 0.4600747070312499 0.42139035156249993 0.4199784562168404 0.4497079470038698 0.435725853515625 0.47200544726562493
7 0.5072957508968335 0.45517346506084744 0.46041614062500014 0.42838511523437506 0.4423445583279262 0.46001038295597974 0.4892241685997596 0.4867987327824521
7 0.517283344611277 0.45436860673780877 0.49594634570312507 0.40941164453125 0.4742123721855982 0.4197267936528163 0.4955493710937501 0.46468375585937505
7 0.41625487844537934 0.4632262204705363 0.41037267773437497 0.39699699804687494 0.3792856625702456 0.39975801585758863 0.38516786328124997 0.46598723828125
7 0.4547837707878808 0.5909611812146687 0.454373458984375 0.536252814453125 0.41977123897774427 0.5365123305040813 0.4201815507812501 0.591220697265625
7 0.4434451898442784 0.6360519947902464 0.443225818359375 0.5802828378906248 0.39319927499947155 0.5804796204441284 0.3934186464843749 0.63624877734375
7 0.4827862839295596 0.5170277791258936 0.4467676054690551 0.5165775468505899 0.4461353898988706 0.5671549278809463 0.4821540683593751 0.5676051601562501
7 0.42516540049657114 0.5293524744565739 0.393600185546875 0.52565342578125 0.38687248036280386 0.5830631759340513 0.4184376953125 0.5867622246093751
7 0.4019743640051808 0.5266950783858754 0.37989951562500013 0.52335201171875 0.3713572629479444 0.5797579860672496 0.39343211132812506 0.583101052734375
7 0.4285033805079084 0.4505231172730315 0.40296734375 0.4420736933593751 0.38062559605459156 0.5095954198363437 0.4061616328125 0.51804484375
7 0.4359375000000001 0.4680555546875 0.4074218750000001 0.4680555546875 0.4074218750000001 0.507986111328125 0.4359375000000001 0.507986111328125
7 0.4478973804392681 0.505664346177587 0.4259221152398596 0.5044982069278966 0.4240831996443416 0.5391515795003096 0.44605846484375006 0.54031771875
7 0.5612510013856571 0.5134819565237448 0.51917304296875 0.4935338867187501 0.506270394740311 0.5207504094666447 0.5483483531572181 0.5406984792716396
7 0.5780731864033 0.5228643726428295 0.5607030175781251 0.5115303359375001 0.53639672375295 0.5487813558727956 0.553766892578125 0.560115392578125
7 0.5697940357325474 0.620157221270268 0.53389894140625 0.574795818359375 0.5121578451268278 0.591999843182857 0.548052939453125 0.63736124609375
7 0.6010592790190082 0.6461436171641972 0.5998258984375 0.60009741015625 0.5612003362153668 0.6011320234608027 0.562433716796875 0.64717823046875
7 0.6444769230387103 0.6009006455930263 0.601026734375 0.5935684257812501 0.5904678875081648 0.656139366125724 0.6339180761718752 0.6634715859375001
7 0.657513780917755 0.5918926525353121 0.6080536621093751 0.5606920058593751 0.5905352600978699 0.5884626560584381 0.6399953789062499 0.6196633027343751
7 0.6336548210866064 0.5689025997270915 0.63075371484375 0.512169853515625 0.5844259933665186 0.5145388846479086 0.587327099609375 0.571271630859375
7 0.616616567622244 0.5232991935613118 0.614263119140625 0.4850861523437501 0.5841282193672974 0.4869420876960686 0.5864816678489164 0.5251551289136304
7 0.5869494660506064 0.5572699838377374 0.5866316816406251 0.536713302734375 0.5587025632462687 0.5371450571778877 0.55902034765625 0.5577017382812501
7 0.45657318447856665 0.3590948481253347 0.443142810546875 0.3370880117187501 0.40209755380268336 0.36213718898404035 0.415527927734375 0.384144025390625
7 0.5088489574823517 0.3568087831685327 0.426775595703125 0.35488893945312505 0.4254751597051482 0.4104826074564674 0.5075485214843749 0.41240245117187513
7 0.6043023475605198 0.4308459516805683 0.5692183398437501 0.358690603515625 0.5398526641582303 0.3729690405069317 0.574936671875 0.445124388671875
7 0.628453952167431 0.3898025151217598 0.5883325507812501 0.3878400566406251 0.5857990966606943 0.4396351548001154 0.6259204980468752 0.44159761328125013
7 0.6431688711905107 0.536233226757556 0.6282022578124999 0.4803578769531249 0.6071842069344892 0.48598771269556884 0.6221508203124999 0.5418630625
7 0.4132763753732628 0.7247956034162747 0.386556625 0.673389572265625 0.3609414625173622 0.6867037833024753 0.387661212890625 0.738109814453125
7 0.5236781263697868 0.5095305324130893 0.4955910605468749 0.50809426171875 0.49363104355208814 0.5464234753994106 0.521718109375 0.54785974609375
7 0.5162680541625188 0.5418007795874831 0.4853682695312501 0.5342846152343752 0.47370983060310645 0.5822137497093922 0.5046096152343751 0.5897299140625001
7 0.4850411985365447 0.42103569825041337 0.459804046875 0.4169569667968751 0.45697019990095533 0.4344913954995868 0.48220735156250005 0.4385701269531251
7 0.512726677929109 0.41750965296248 0.5102513260218055 0.3854847988397246 0.4725401266083214 0.3883996751741196 0.47501547851562503 0.420424529296875
7 0.5136235223170272 0.29429954075789927 0.47935261914062505 0.2754367246093751 0.4408523058079729 0.3453860100233509 0.47512320898437505 0.36424882617187504
7 0.5221513719256786 0.31829843854017803 0.483744251953125 0.31721823828125006 0.48231938393369633 0.36788021185044706 0.52072650390625 0.368960412109375
7 0.5771583537096323 0.39188358046385185 0.561380951171875 0.30535030664062507 0.5093628982434926 0.3148346324267733 0.52514030078125 0.4013679062500001
7 0.5863358031300583 0.5020151338947703 0.5334492929687501 0.4559266718749999 0.510950163542468 0.4817444228885448 0.5638366737037762 0.5278328849083151
7 0.5305506325511282 0.5069722898784024 0.529942412109375 0.47036505273437496 0.4873063537769967 0.47107344059034756 0.48791457421875 0.507680677734375
7 0.5237860962846471 0.4694115990025694 0.5200464058502282 0.4485376579248325 0.4865378837843311 0.4545409085316382 0.49027757421875 0.4754148496093751
7 0.6428297624140358 0.48607524669424884 0.59178916015625 0.419215041015625 0.5613976828984641 0.44241567713387636 0.61243828515625 0.5092758828125001
7 0.516819890260818 0.61203457364099 0.465862322265625 0.5500511015625 0.432692195676682 0.5773207740152602 0.48364976367187495 0.6393042460937501
7 0.42418872599779955 0.5250357422234423 0.4182112499999999 0.5051674277343751 0.3913779400178254 0.5132403554328079 0.39735541601562496 0.5331086699218751
7 0.49433067428125194 0.5136663638763351 0.48536749756927267 0.4711713082825286 0.43615655570989575 0.48155101862494365 0.445119732421875 0.5240460742187502
7 0.4742793413740793 0.4604856283188035 0.455294802734375 0.44671897851562503 0.41778552581342077 0.49844516660307164 0.43677006445312505 0.5122118164062501
7 0.3934257155755861 0.6057031274686852 0.3679852673894886 0.603222683575358 0.36096251079827757 0.675250950637923 0.38640295898437504 0.6777313945312501
7 0.4231247592354723 0.6232662006199406 0.3889331523437501 0.6196943984375 0.37990356693640287 0.7061314458644344 0.4140951738281251 0.7097032480468751
7 0.4153758486315528 0.6028013827186253 0.394585474609375 0.5592405976562501 0.37030460644657226 0.5708291934532501 0.39109498046875 0.6143899785156253
7 0.4411728487113773 0.39571236545553534 0.42656954492187493 0.38637786718750006 0.4011217294136227 0.42618956032571487 0.41572503320312504 0.4355240585937501
7 0.6561794665719248 0.5889580039896628 0.6285956718750001 0.5480931230468751 0.6153657443655753 0.5570233241353374 0.6429495390625002 0.5978882050781251
7 0.6518549146947655 0.562324748094335 0.6387752753906248 0.52357026171875 0.6243973821802342 0.52842280073379 0.6374770214843749 0.567177287109375
7 0.6642866131313798 0.5976220409044177 0.6506487890624999 0.55216262890625 0.6355255079623698 0.5566996133924571 0.6491633320312498 0.602159025390625
7 0.6540449602704366 0.6680257125129783 0.6525187363281248 0.6110466953125 0.6314029342608133 0.6116122972526468 0.632929158203125 0.668591314453125
7 0.6752827850759549 0.6941611304181871 0.6600834746093751 0.62589756640625 0.6326046153146703 0.632015906691188 0.64780392578125 0.700279470703125
7 0.6661645632305687 0.6963231275157427 0.61439578515625 0.64676669140625 0.5917411125506812 0.6704327338123822 0.6435098906249999 0.7199891699218749
7 0.5340331952607976 0.42394255038967343 0.5064183945312501 0.42221662500000007 0.5043512305204526 0.45529124257907677 0.5319660312500001 0.45701716796875014
7 0.5811632889509171 0.4637852191646442 0.547120693359375 0.44010341406249986 0.5359833868303329 0.4561132925541056 0.570025982421875 0.47979509765624995
7 0.39603749319136183 0.46766685357602406 0.3791912500000001 0.4646967597656251 0.37253932126176337 0.5024262108771012 0.3893855644531251 0.5053963046875001
7 0.3977653572844772 0.4792219686299183 0.39046191015625 0.43089298242187496 0.3601421329498977 0.4354748887919566 0.367445580078125 0.48380387499999994
7 0.43581466316117085 0.4044663500406405 0.43468829296875 0.37975661523437504 0.4037287626200792 0.38116787652185957 0.4048551328125 0.40587761132812505
7 0.3838691965547596 0.5629672995185062 0.36680059765625 0.56104708203125 0.3617132995389904 0.6062675071221187 0.3787818984375 0.608187724609375
7 0.39984578003696836 0.5228057184493393 0.3881128750000001 0.5110204335937502 0.36378632933803173 0.535238859675661 0.375519234375 0.5470241445312501
7 0.3938949534837634 0.4999313422264453 0.38167190234375 0.49402425195312505 0.36016014807873664 0.5385367378516798 0.37238319921875007 0.5444438281250001
7 0.5318425620948058 0.47609766366084444 0.520621900390625 0.44910940625 0.5131736625145691 0.4522060921985306 0.52439432421875 0.479194349609375
7 0.5584827215007666 0.4611441700547016 0.5264558046875001 0.4567644179687501 0.5243538602682927 0.4721348767844433 0.5563807770815592 0.47651462887039486
7 0.4121515183008212 0.39740672239741404 0.40567980273437493 0.38706815625000013 0.3775515949804287 0.40467579713383617 0.38402331054687494 0.4150143632812501