5 0.5131818385066864 0.5948801739559343 0.5021228125 0.5274727773437501 0.4746715989933134 0.5319764920596908 0.48573062499999986 0.599383888671875
5 0.47647047371048196 0.4953549786660681 0.4105319257812499 0.41855299023437503 0.3665401981645178 0.456322202974557 0.43247874609374987 0.5331241914062501
5 0.40943339733164585 0.41476655792919864 0.40885942773437506 0.34129841601562494 0.3750615772624713 0.34156246160217046 0.3756355468597421 0.41503060351574417
5 0.4691577005547637 0.3337876463968052 0.43630741406250007 0.31055257421875015 0.38109088733586144 0.3886189864156951 0.41394117382812506 0.4118540585937501
5 0.5802960416792488 0.31940258516880166 0.495647341796875 0.27219110937500024 0.4661516907426261 0.32507588944057375 0.5508003906249999 0.37228736523437517
5 0.5813527127682501 0.3578154970179767 0.53546875 0.3306250000000001 0.5184129122317501 0.3594067256382736 0.5642968750000001 0.3865972226562502
5 0.6171291076340584 0.42888904859384647 0.5683432675781249 0.3903422109375001 0.5464984704909416 0.41798953148427875 0.595284310546875 0.4565363691406251
5 0.6154408531537157 0.5053079112336444 0.564595802734375 0.46178622265625 0.5388786409869094 0.4918307918913557 0.58972369140625 0.53535248046875
5 0.5562586930637984 0.5816126765578634 0.5208984375000001 0.51875 0.4894444319362018 0.5364428781296366 0.5248046875000001 0.5993055546875
5 0.559765625 0.4520833339843751 0.527734375 0.4520833339843751 0.527734375 0.501736111328125 0.559765625 0.501736111328125
5 0.5330346426838168 0.5023952644971904 0.520358162109375 0.4370409726562502 0.4943174080974331 0.4420919815965599 0.506993888671875 0.5074462734375
5 0.5690763374623687 0.3796541872373249 0.526810994140625 0.36976755859375005 0.5188447328501313 0.4038233303408002 0.561110076171875 0.41370995898437507
5 0.5413511537690034 0.4004059914484797 0.525689337890625 0.38572303906249994 0.49811345951224656 0.41513730933277027 0.5137752753906251 0.42982026171875004
5 0.5394982540716363 0.4000178991300395 0.50180687890625 0.33673361914062516 0.46691742561586363 0.3575133684480857 0.5046088007812499 0.4207976484375001
5 0.5072477548920286 0.42694380243744157 0.47585585742187503 0.363816923828125 0.44520062830770163 0.37906123545062576 0.47659252577785516 0.4421881140599423
5 0.5061179407055498 0.3323699250354484 0.48804687499999994 0.301875 0.43649924679445007 0.33242174098017674 0.4545703125 0.3629166660156251
5 0.5027689980232566 0.3561274207158184 0.49791349023437503 0.331546408203125 0.46831046096111856 0.33739391912793165 0.47316596875000005 0.36197493164062505
5 0.5778915688865479 0.4708661558278213 0.577522794921875 0.4308747910156249 0.5513595482829431 0.43111605120359464 0.551728322247616 0.47110741601579104
5 0.616059164252422 0.4977581301284588 0.5995931113281249 0.44740860546874994 0.5820966560600779 0.45313055737154123 0.598562708984375 0.5034800820312502
5 0.6064332122197567 0.47159639980861756 0.5776383085937501 0.44048033984375 0.5623723873896186 0.45460747323825745 0.5911672910156252 0.485723533203125
5 0.596830084428367 0.5643787936244881 0.59595577734375 0.5130861367187499 0.5601470522903829 0.5136965130161368 0.5610213593749999 0.564989169921875
5 0.569808443273811 0.5453664911637415 0.561260146484375 0.493986251953125 0.5261942403199391 0.4998202803206335 0.534742537109375 0.5512005195312499
5 0.599501528943812 0.570351247298259 0.5665912441406251 0.5668802402343751 0.5609141546499383 0.6207074519204913 0.5938244394531252 0.6241784589843751
5 0.6221933677631509 0.57867495122761 0.591347169921875 0.573252767578125 0.580821116611849 0.63313431049114 0.6116673144531249 0.6385564941406249
5 0.4270337868668572 0.5474616503054363 0.39568561328125007 0.5382041425781251 0.37675313305501795 0.602314127038314 0.4081013066406251 0.6115716347656251
5 0.4191727003271275 0.5425606859124731 0.41060583789062505 0.48925576562500006 0.3849841395166226 0.493373538696902 0.39355100195312503 0.5466784589843751
5 0.39954043912607223 0.50720995933552 0.3904702246093751 0.45077306054687494 0.36794924251455285 0.4543925035551047 0.37701945703125 0.5108294023437498
5 0.4037949158282299 0.4060755386532567 0.383563701171875 0.39957264843750007 0.3650031603436452 0.4573165550967435 0.38523437500000013 0.46381944531250013
5 0.4269200124551082 0.4210493052124879 0.40810928320312495 0.40584666796875 0.37376739574801676 0.44833902877188714 0.392578125 0.463541666015625
5 0.4257453834855702 0.6031130359917785 0.38225416796875006 0.595508013671875 0.37674320016740803 0.6270238565283974 0.42023441568422815 0.6346288788483009
5 0.40907549355372835 0.648565333468456 0.39338499013475986 0.6477629785105311 0.3920579594716565 0.6737138110577002 0.407748462890625 0.6745161660156251
5 0.4224867771279094 0.6560097511691545 0.41879089453125 0.623162591796875 0.38327278927834063 0.6271590027370957 0.38696867187500006 0.6600061621093751
5 0.39309910094274625 0.5258671038842961 0.3804411953125 0.52396841796875 0.37464435022912873 0.562614050412579 0.387302255859375 0.564512736328125
5 0.5208592363090643 0.40930857097107565 0.4789655287445654 0.3963236599850622 0.4520104213417511 0.48328993862336156 0.4939041289062501 0.49627484960937496
5 0.49147989044430385 0.5049531530772354 0.46392502539062497 0.4356552832031251 0.43851155291507105 0.4457604250477648 0.4660664179687499 0.5150582949218752
5 0.5899367725530766 0.40272313922509684 0.575853443359375 0.358426853515625 0.5514672391656732 0.36618007561865323 0.5655505683593749 0.41047636132812504
5 0.5972392166713392 0.3727415939520059 0.5802734375000002 0.3701388886718751 0.574701888797411 0.4064571247979943 0.59166766796875 0.4090598300781251
5 0.6168754437325538 0.519715131530339 0.616694244140625 0.49426655078125 0.5975545894705713 0.49440282940716107 0.5977357890625 0.51985141015625
5 0.6467674000735435 0.6120636937531589 0.625112529296875 0.5573566523437501 0.6006222226215492 0.5670507321673385 0.6222770933982176 0.6217577735767472
5 0.5630839545054679 0.587631772410229 0.5403264706171251 0.5866277656212059 0.5386607973616573 0.6243830205547269 0.56141828125 0.6253870273437501
5 0.565234375 0.54375 0.5375 0.54375 0.5375 0.5913194453125 0.565234375 0.5913194453125
5 0.6143917858540646 0.541170231620989 0.5967247597656251 0.53918269140625 0.5922939114115606 0.5785680144727611 0.6099609375000001 0.5805555546875001
5 0.6344063881834976 0.5287944901363365 0.6007355234375001 0.526021072265625 0.5972332661133777 0.5685404610355387 0.6309041308593751 0.5713138789062501
5 0.6130882892579591 0.6486367998360341 0.6111885859375001 0.6278908359375 0.597504275195166 0.629143905242091 0.599403978515625 0.6498898691406251
5 0.6065491131288514 0.6345026348005385 0.56833416015625 0.6153028515625003 0.558202323977503 0.6354691023110935 0.5964172769501044 0.6546688855491318
5 0.5374644975910923 0.38758972026761207 0.52345336328125 0.34607524414062507 0.5088985735129041 0.3509874852025626 0.5229097078227465 0.3925019613295496
5 0.39359902005877073 0.6037667970000855 0.38928225 0.568136310546875 0.3717812570517737 0.5702566229500433 0.3760980271105444 0.6058871094032539
5 0.38501465485365904 0.5939343588581089 0.37332153497171844 0.5928195488105321 0.3705554055086845 0.6218331762805482 0.3822485253906251 0.622947986328125