5 0.49561663195618444 0.5090745136848802 0.45649822460937495 0.4927286074218751 0.4222127996844407 0.574779195299495 0.4613312070312502 0.5911251015625001
5 0.5263341628819174 0.5728456026529964 0.4927538671875001 0.5443712656250002 0.43607104024308285 0.6112183387532537 0.4696513359375001 0.6396926757812501
5 0.5174272981063011 0.5215668744949864 0.49519891796875 0.438940169921875 0.461560080799949 0.4479897485518888 0.4837884609375 0.5306164531250002
5 0.5602243679733809 0.5674407718056366 0.49549498242187495 0.5137393554687499 0.465669508979744 0.5496897028037383 0.53039889453125 0.6033911191406249
5 0.5771571264364737 0.5580061071667912 0.532553298828125 0.5010758613281251 0.5032613753113502 0.5240255585867971 0.5478652029196989 0.5809558044254632
5 0.5227641769127266 0.5280593144877346 0.5225797109375 0.494937404296875 0.4924522410560233 0.49510519332476544 0.49263670703124995 0.528227103515625
5 0.5310997735085378 0.45307111322100413 0.5028070917968751 0.45218696679687503 0.5014056346945873 0.4970335879508709 0.52969831640625 0.497917734375
5 0.534730232587184 0.4548905092211437 0.532231148289966 0.4219963261830837 0.49582365593715694 0.42476232868069 0.49832274023437506 0.45765651171875005
5 0.5661019977762771 0.43958678974626575 0.530845587890625 0.43517973828125006 0.525019324489348 0.4817898430662344 0.5602757343750001 0.48619689453125003
5 0.5880374787684516 0.5096140125521973 0.530042798828125 0.46321826757812506 0.5060251833409234 0.4932402862759278 0.56401986328125 0.5396360312500001
5 0.5863164957628555 0.5581369139381064 0.58418343359375 0.5221118730468751 0.5581644554090195 0.5236524708275188 0.560297517578125 0.55967751171875
5 0.5949023084255872 0.6052638636329081 0.550390625 0.5736111113281251 0.5305152560275379 0.6015608492577171 0.5750269394531251 0.6332136015625001
5 0.5538420813036438 0.5681546476879971 0.5070370506717334 0.5655218652282147 0.5035894615555898 0.6268123503527178 0.5503944921875001 0.6294451328125001
5 0.4703350288925977 0.6557780949365246 0.455947666015625 0.58757134765625 0.42514067618552726 0.5940696980322253 0.4395280390625 0.6622764453125
5 0.48500640991095817 0.48221545156940804 0.479546875 0.42883333398437506 0.4403967150890418 0.432837327727467 0.44585625 0.4862194453125
5 0.4844330205199975 0.49455157797820287 0.448198529296875 0.4696160136718751 0.43519473729250246 0.48851214858429737 0.47142922851562497 0.5134477128906251
5 0.5367399430035543 0.4014145686556905 0.509634658203125 0.3742020625 0.4588067776995708 0.4248296735318096 0.4859120625000001 0.4520421796875001
5 0.6511585965242699 0.5869062911796069 0.5923531796875002 0.580756705078125 0.5875105851163555 0.6270640154610183 0.6463160019531251 0.6332136015625002
5 0.6230125480065964 0.4881755025613066 0.6167176933593749 0.42103040624999993 0.5765757117590283 0.4247937181418182 0.5828705664062499 0.49193881445312493
5 0.5519212262470736 0.34624563975405387 0.546601642578125 0.287611984375 0.5121448382219966 0.29073810456232335 0.5174644218909452 0.3493717599413772
5 0.6132997864666019 0.40992956241903866 0.57899845703125 0.33714681640625 0.5536525006427728 0.3490919551590865 0.5879538300781249 0.4218747011718751
5 0.6450304930549365 0.5277508944410654 0.6147365371093749 0.475784654296875 0.599305755487329 0.4847800985962275 0.6295997114328906 0.5367463387404179
5 0.6286703680452523 0.5388167656307956 0.5955078125000001 0.479861111328125 0.5756265069547478 0.49104434569732935 0.6087890625000001 0.55
5 0.6690699833269703 0.5921115310350461 0.6225464003906251 0.545168814453125 0.6002875352277566 0.5672289386827583 0.6468111181641018 0.6141716552646793
5 0.6053136830121698 0.5005070320221157 0.56407274609375 0.48325591992187505 0.5525039400347052 0.5109125949310095 0.593744876953125 0.5281637070312502
5 0.584375 0.4687500000000001 0.559375 0.4687500000000001 0.559375 0.4892361113281251 0.584375 0.4892361113281251
5 0.5996191803601906 0.4703993562878289 0.5712204394531248 0.434337462890625 0.5512570869617621 0.45005860289828176 0.5796558278688277 0.48612049629548565
5 0.5224319727018325 0.36504796623588304 0.4849619296875 0.30731634179687495 0.4576253319856676 0.32505884431099197 0.49509537500000006 0.38279046875000006
5 0.5007158320554105 0.373566550636638 0.47965811523437496 0.36448541015625 0.4535407245852145 0.4250474747539871 0.47459844140625 0.434128615234375
5 0.48645928332251553 0.3544085700873119 0.4435390625000001 0.33769444531250004 0.4075391541774846 0.43013865256893824 0.45045937500000005 0.44685277734375006
5 0.44609723716438415 0.46790427445099986 0.44562686718750005 0.42477716015625 0.3941042354918659 0.4253390966427502 0.39457460546875 0.46846621093750007
5 0.4547556050341931 0.4918965191447354 0.441988900390625 0.4683716660156251 0.40272253168455696 0.48968113515213973 0.41548923632812507 0.5132059882812501
5 0.45898361470287785 0.49662603015973117 0.43662387616070764 0.48517500740668185 0.40549377512970497 0.5459609245125758 0.4278535136718752 0.5574119472656252
5 0.42288609478515726 0.5121461280205469 0.3909282089843751 0.506446322265625 0.37963544232421775 0.5697630321357031 0.41159332812499994 0.575462837890625
5 0.4375000000000001 0.58402777734375 0.3996093750000001 0.58402777734375 0.3996093750000001 0.65347222265625 0.4375000000000001 0.65347222265625
5 0.4707285566791419 0.6706521963636889 0.45202135351562506 0.634406990234375 0.3999247089458582 0.661295580980061 0.418631912109375 0.697540787109375
5 0.42660072703700724 0.6555061290722252 0.4022814597154263 0.6366966963204274 0.3585196272096691 0.6932776531857023 0.3828388945312501 0.7120870859375001
5 0.4086809207396096 0.570088629589331 0.3827098809206704 0.5654138434094708 0.3738492394779358 0.6146396396013896 0.3998202792968751 0.61931442578125
5 0.42920802187116436 0.4396212280795923 0.41473535937500006 0.3686710683593751 0.36855424337134557 0.37809125442030445 0.38302690586750987 0.4490414141405217
5 0.45842799212708485 0.34029388831324525 0.44989569726562495 0.31833292578124994 0.40236584771666517 0.33679926988987974 0.410898142578125 0.35876023242187505
5 0.4710536241484741 0.3378370310255622 0.44462500000000005 0.331125 0.439133875851526 0.35274630295881293 0.4655625000000001 0.359458333984375
5 0.6034436027556064 0.6010593228869403 0.598050732421875 0.5503834628906251 0.5703241941193935 0.5533340911755599 0.5757170644531249 0.6040099511718751
5 0.596565094051211 0.6010186130773755 0.5763521640625 0.598744658203125 0.571388632511289 0.6428649337976245 0.5916015625000001 0.6451388886718751
5 0.531005040703713 0.31379838386788805 0.511274943359375 0.3044525488281251 0.4933257678900369 0.34234525480398714 0.513055865234375 0.3516910898437501
5 0.6652815188375416 0.6645414282781937 0.6401953124999998 0.6363194453125001 0.5935075436624582 0.6778196830499315 0.6185937499999999 0.7060416660156251
5 0.6115307253525287 0.7348388427065841 0.60815548828125 0.68083502734375 0.5947097454797913 0.6816753859230366 0.59808498255107 0.7356792012858706
5 0.6415358780088367 0.694715092163406 0.610081560546875 0.6846497109375002 0.6035947040224134 0.7049211383053442 0.6350490214843751 0.7149865195312501
5 0.40783147777267315 0.6566405233034643 0.40264578515625 0.606857869140625 0.36871133474829215 0.6103927073665524 0.3738970273647153 0.6601753615293917
5 0.4222164163055633 0.5051636791208172 0.40147713281249997 0.4844762441406251 0.3595004430694367 0.5265581392385581 0.3802397265625 0.5472455742187501
5 0.4362075373923391 0.455910803058272 0.41558220507812493 0.4434496640625 0.38276862667016087 0.4977617906917281 0.403393958984375 0.5102229296875
5 0.466066835198533 0.34666618182799447 0.44618431250000007 0.32725501171875 0.3965982898014671 0.37804510918763057 0.4164808125 0.39745627929687505
5 0.5968311522008718 0.3916740137867967 0.505259849609375 0.33539974218750007 0.4751772833460032 0.38435106043195344 0.5667485859375 0.4406253320312501
5 0.6329169336509598 0.6298403439847465 0.5943886425781248 0.627044640625 0.591950853458415 0.6606404255465035 0.63047914453125 0.66343612890625
5 0.6160687949409005 0.5567497424728693 0.5868416679687499 0.5167155 0.5704142616997245 0.5287083805740057 0.599641388671875 0.5687426230468751
5 0.6397051834872943 0.5597348528551 0.6388481816406251 0.530177857421875 0.6158206641689558 0.5308455377699001 0.616677666015625 0.5604025332031252
5 0.38465107474504534 0.5808418657549864 0.373386125 0.5659057500000001 0.34857241744245465 0.5846204662762637 0.3598373671875 0.5995565820312501
5 0.3898092925279038 0.5363876053550628 0.3728515607988549 0.529861110673408 0.3575808893647011 0.5695387572714703 0.37453862109375 0.5760652519531251
5 0.38446681682205097 0.634613707650551 0.37675781250000007 0.589583333984375 0.3538556577873241 0.5935040833650739 0.361564662109375 0.6385344570312499
5 0.39619946377035764 0.4614200394649894 0.383530119140625 0.4569272421875 0.3660120264640173 0.5063269234256356 0.37868137109374994 0.5108197207031249
5 0.3925775195048414 0.4376785469576967 0.3830466065903383 0.43312970272813034 0.3721794855229969 0.4558989116298086 0.3817103984375 0.46044775585937503
5 0.3976885477642238 0.4699254011821481 0.39693129687500006 0.44300089062500003 0.38307908504827626 0.4433904835834769 0.3838363359375 0.47031499414062494
5 0.5640104354990891 0.35902072887857045 0.5609534648437499 0.33494709765624997 0.5259868711415358 0.3393873023714295 0.529043841796875 0.36346093359375
5 0.3920892030041226 0.6673281827385475 0.37237717578125 0.6301390507812501 0.3570945298461312 0.6382395876008914 0.3768065570690038 0.6754287195581888
5 0.4098898603192177 0.5743254330101648 0.4047678203125 0.55333421484375 0.36867220218078234 0.5621418599585852 0.3737942421875 0.583133078125
5 0.5728687528979758 0.40194756806707566 0.531398599609375 0.39668151562500004 0.5272496025707741 0.4293548596672995 0.568719755859375 0.43462091210937515
5 0.4364688735837179 0.5466977724755661 0.415180609375 0.543105376953125 0.40850459907253217 0.5826669091650589 0.42979286328125005 0.5862593046875
5 0.5753789036976638 0.4548707521560223 0.5528330996093749 0.42480968359375 0.5390450884898361 0.4351506931564777 0.5615908925781249 0.46521176171875
5 0.5470154018714237 0.44893649773771716 0.544137705078125 0.41632261328125 0.5236279399254512 0.4181322991372829 0.52650563671875 0.45074618359375007