5 0.5591945255987492 0.5929077691271136 0.53885203125 0.529830263671875 0.5040922636477507 0.5410402880840542 0.5244347579965 0.6041177935392928
5 0.5221080852160422 0.5545286355864603 0.484212458984375 0.5512127675781251 0.4784916003308329 0.6165939952729148 0.5163872265625001 0.61990986328125
5 0.48785329502284497 0.620839843819141 0.48200006445312493 0.5401953261718752 0.4384417245084049 0.5433568182902341 0.44429495507812494 0.6240013359375
5 0.569331209513493 0.46367036567862746 0.5440018632812499 0.43128909765625006 0.491035013142757 0.4727209429151227 0.516364359375 0.5051022109375001
5 0.5962339822317735 0.45943075351293816 0.5791516757812499 0.38987698632812506 0.5364635803793343 0.40036112193945866 0.5535458868298578 0.46991488912427176
5 0.6156035623623347 0.4142657871374703 0.5880988867187501 0.41345150390625013 0.5867153692782905 0.4601836445031549 0.6142200449218751 0.4609979277343751
5 0.6235306011808488 0.4841041104192573 0.604810721955145 0.4398783967811391 0.5456469059305462 0.4649212824556318 0.56436678515625 0.50914699609375
5 0.6208182244306001 0.5659117909096868 0.599855025390625 0.48205899218750003 0.5556556798662747 0.49310882823093816 0.5766188789062499 0.5769616269531249
5 0.5956590786350148 0.5801300280334292 0.5564453125 0.5104166660156251 0.5291456088649851 0.5257727493103208 0.568359375 0.595486111328125
5 0.5681270531823579 0.5201489812776691 0.564686091796875 0.476386998046875 0.5303511576025134 0.47908671990620705 0.5337921189879963 0.522848703137001
5 0.547804910348354 0.492756524047554 0.5083004921875001 0.486534578125 0.49950128496414614 0.5424025599368211 0.5390057031250001 0.5486245058593751
5 0.5175117028842405 0.5569593374602475 0.5161794375000001 0.525221841796875 0.48794095141263455 0.5264072269928776 0.4892732167968751 0.55814472265625
5 0.5163313533278293 0.477508049336479 0.47822271679687506 0.46381993164062507 0.44908596893779584 0.5449385893353961 0.48719460546875004 0.5586267070312501
5 0.4736491979605339 0.4724632378261139 0.4436872499999999 0.46693746875 0.429879034461341 0.541808682095761 0.459840982421875 0.547334451171875
5 0.48548882226675094 0.4318316150206886 0.45016673046875 0.429623984375 0.4469330527332491 0.4813628302918114 0.48225514453125007 0.48357046093750006
5 0.5125606341834326 0.37338104958844565 0.4792734921875001 0.35501031640625014 0.43903119980094263 0.42792797775530456 0.47231834179687504 0.44629871093750006
5 0.5127463347865239 0.41575627823662625 0.506193173828125 0.39668444140624987 0.47625933904160106 0.40696982918524865 0.4828125 0.42604166601562504
5 0.5556827702444431 0.3798117231220056 0.519847791015625 0.3081417617187501 0.4798304285836817 0.32815044211236943 0.5156654078125 0.399820403515625
5 0.5680643582272562 0.44676622343418126 0.5344909882812501 0.37116396484375 0.49617878857884146 0.38817760541529023 0.5297521585248476 0.46377986400572146
5 0.5313002723431596 0.41777724556837836 0.4904925703125 0.40193552343750005 0.45963850890684044 0.4814144673222467 0.5004462109375 0.49725618945312505
5 0.52119405878516 0.3947461047812201 0.49375689257812494 0.35293709179687494 0.4773973923867149 0.3636730143594049 0.5048345585937499 0.40548202734375
5 0.5073154326439332 0.3692734523623783 0.49604445703124994 0.3249051660156251 0.46791988766856674 0.3320497136532468 0.47919086328124993 0.37641800000000003
5 0.49371444621932786 0.30821485106108315 0.45317714648437507 0.2973744453125001 0.43194059089004727 0.37678776612641696 0.47247789062500006 0.387628171875
5 0.47444635704391364 0.37529618815656623 0.4605522636718749 0.36650383203125 0.43471043201858633 0.40734030598405885 0.44860452539062506 0.4161326621093751
5 0.48084954922773615 0.4251788792134651 0.46869227734375 0.4079993203125001 0.4274091636628889 0.4372136930521602 0.439566435546875 0.4543932519531252
5 0.4512015452672238 0.48100389243001596 0.448844123046875 0.445380640625 0.42752205811971383 0.4467916603128751 0.4298794803400626 0.48241491211789106
5 0.4508880990892917 0.4828584478699629 0.412183458984375 0.47414990429687504 0.3953201450513332 0.5490979700987872 0.43402478515625 0.5578065136718751
5 0.44296875000000013 0.5555555546875 0.41367187500000013 0.5555555546875 0.41367187500000013 0.596875 0.44296875000000013 0.596875
5 0.4629087933355164 0.5286769919029937 0.4455515101689925 0.5198217511624785 0.4272583515991012 0.5556784311344848 0.44461563476562505 0.564533671875
5 0.614258690472232 0.33496022111256274 0.5861219472656252 0.3219679746093751 0.5517590653871431 0.3963861734186874 0.57989580859375 0.40937841992187507
5 0.6107822446108848 0.4146678155355607 0.6085924160156251 0.38157707617187503 0.5853714975766153 0.38311375477693943 0.5875613261718751 0.4162044941406251
5 0.641547565489221 0.4231897544521424 0.608702126953125 0.40156312890625 0.5965814872451541 0.41997135101660765 0.6294269257812501 0.4415979765625001
5 0.657735886963358 0.43461962433596174 0.6257442988281251 0.4134947441406251 0.5882047810053921 0.47034471355466345 0.620196369140625 0.4914695937500001
5 0.6646530736180976 0.5111193533980913 0.6333984375000001 0.4555555546875 0.6099563005473327 0.46874175644635424 0.6412109366654303 0.5243055551569455
5 0.6452993203579538 0.5234181584129155 0.619330412109375 0.47427269726562493 0.5971684765170462 0.48598326541520936 0.623137384765625 0.5351287265625
5 0.6604967398628415 0.5570539906484927 0.63784573828125 0.5108926015624999 0.6187286370902836 0.5202732007577574 0.6413796386718751 0.5664345898437502
5 0.645495793272864 0.5309455118916966 0.6147265625 0.5222916660156253 0.5991526442271361 0.5776655994364288 0.6299218750000001 0.5863194453125002
5 0.5724675846867209 0.2884865279547294 0.5335794589843749 0.28379911914062506 0.525764122344529 0.3486374564202708 0.564652248046875 0.35332486523437506
5 0.5744896007782849 0.3430464223259048 0.547302330078125 0.329607259765625 0.5202965378935901 0.3842396655647202 0.54748380859375 0.39767882812500005
5 0.6486751210524704 0.5752663813561585 0.6203464302001831 0.5583657432812706 0.5891792095383377 0.6106079459094873 0.617507900390625 0.6275085839843751
5 0.6454349532706701 0.5971316094552234 0.6377876835937499 0.56484313671875 0.6265356341819425 0.5675080957266414 0.6341829038588627 0.5997965684631148
5 0.662265523908121 0.6047719813978911 0.640627296875 0.5905718945312501 0.613667380388754 0.6316536709458591 0.635305607421875 0.6458537578125001
5 0.6435631727042731 0.6322935525371941 0.60966045703125 0.6247596152343751 0.6042192804207269 0.649244908400306 0.63812199609375 0.6567788457031251
5 0.4331714287742987 0.5980702351917042 0.3951289041371816 0.5949386855337295 0.39114173512850803 0.6433753995607753 0.42918425976562513 0.64650694921875
5 0.432328632350343 0.5434593510409919 0.37129764062500004 0.534264474609375 0.36330418796215713 0.5873210161465082 0.42433517968750006 0.5965158925781251
5 0.4432345292927659 0.41627002910313116 0.424761541015625 0.3947951796875 0.3788341367228591 0.4343026232406189 0.397307125 0.45577747265625007
5 0.44582118001028204 0.4104089558177793 0.4247596152343751 0.40803952929687504 0.4210958863959682 0.4406060012134708 0.4421574511718751 0.4429754277343751
5 0.44282252624047214 0.46240436427087084 0.43564658745824014 0.43166513291343844 0.39455730731151795 0.4412572452050676 0.40173324609374994 0.4719964765625
5 0.4400644368201412 0.4887819169066707 0.435869830078125 0.464114767578125 0.40385242646110886 0.46955927254645424 0.408047033203125 0.494226421875
5 0.5133319203840501 0.316450636045642 0.4720882304687499 0.29445400000000016 0.4604388639612138 0.3162965607874573 0.5016825538765138 0.33829319683309916
5 0.6553015673799429 0.5982188210899151 0.646839068359375 0.5599238730468751 0.6357673955106822 0.5623705148475849 0.64422989453125 0.600665462890625
5 0.40278339759294113 0.5314234545075567 0.3894735703125 0.5197679023437501 0.35437223131330886 0.5598511822111935 0.36768205859375 0.571506734375
5 0.4110892420892601 0.5444853831262376 0.40516643750000003 0.502367662109375 0.384025537207615 0.5053406012487623 0.3899483417968751 0.547458322265625
5 0.4168381683845769 0.49933428062239005 0.4099569524922174 0.48062597874837254 0.38221164543576547 0.4908311512509826 0.389092861328125 0.5095394531250002
5 0.413675836598961 0.46815566142589987 0.40187835058784294 0.45633513378906426 0.37527110578575684 0.48289051337878935 0.3870685917968749 0.49471104101562496
5 0.40315631340049896 0.6336977310398356 0.39755413824984875 0.6090440411115241 0.3658577760212249 0.6162465561654386 0.371459951171875 0.6409002460937501
5 0.4125801545269402 0.6143306771918999 0.40348441992187495 0.5739051933593748 0.3767765290668098 0.579914469292475 0.385872263671875 0.6203399531250001
5 0.3918153440001344 0.5995173071995399 0.381778994140625 0.5926902558593751 0.36101323412486563 0.6232177006129603 0.37104958398437504 0.6300447519531251
5 0.4170923203125001 0.634553962890625 0.37959018164062514 0.634553962890625 0.37959018164062514 0.660951408203125 0.4170923203125001 0.660951408203125
5 0.6253897999422413 0.5322861127422727 0.6003184765625 0.4873772089843749 0.5878814149015088 0.4943204556171022 0.61295273828125 0.5392293593749999
5 0.6123762055009088 0.39330076504057754 0.610171447265625 0.361039681640625 0.5855928999678411 0.36271940683442244 0.5877976582031249 0.394980490234375
5 0.5301838052915565 0.3305626517487934 0.52776798046875 0.29706320898437494 0.49996784705219344 0.29906802598558146 0.502383671875 0.3325674687499999
5 0.4544324925864619 0.36121723620597934 0.44375 0.355208333984375 0.4297471949135381 0.38010220910652076 0.4404296875 0.38611111132812503
5 0.4568632513466411 0.3838569583743036 0.4343309316406251 0.3781330234375001 0.424178535762734 0.4180980181881966 0.44671085546875 0.4238219531250001