7 0.6540569139354999 0.5979971598574105 0.5719898144531251 0.5271328710937501 0.5381780606738752 0.5662898655332147 0.62024516015625 0.6371541542968752
7 0.5859827589210036 0.5882049862046345 0.5562759980468751 0.58623909765625 0.5530937410789967 0.6343265372328656 0.5828005019531252 0.63629242578125
7 0.5801005134925747 0.5887659213408067 0.5192887929687499 0.54552203125 0.4914108009605501 0.5847254575654433 0.552222521484375 0.62796934765625
7 0.6486025742976897 0.6455547741691573 0.5797926210937501 0.604268802734375 0.5574963592960601 0.6414292395027178 0.6263063124999999 0.6827152109375001
7 0.6528041021463048 0.6286882442705133 0.638808736328125 0.5753725664062499 0.6202441981553004 0.5802457578085184 0.6342395639734802 0.6335614356727818
7 0.6365906047255682 0.4695461761458411 0.5870703125 0.45854166601562507 0.5776401647137702 0.500977328174012 0.6271604569393384 0.511981838304228
7 0.6153731472984111 0.4512301499261078 0.6043869667968751 0.385403486328125 0.5595130909828389 0.3928927387457672 0.570499271484375 0.45871940234375
7 0.5411531388906043 0.4212390025666759 0.534857537109375 0.37087418359375013 0.5010113825937706 0.3751049525114493 0.507306984375 0.4254697714843751
7 0.5772321585843251 0.44784186105897883 0.5393768593749999 0.39651264257812513 0.5144974605562996 0.4148611994878964 0.5523527597656248 0.4661904179687501
7 0.5857940711467908 0.48291672848524325 0.58411096484375 0.44461675000000006 0.5501372667438343 0.4461097363585069 0.5518203730468751 0.4844097148437501
7 0.6014384339623634 0.37956859593619374 0.5607045917968752 0.2922983691406249 0.51362303989846 0.3142739337100717 0.5543568820639484 0.40154416050564046
7 0.5297582068524216 0.38701438547461997 0.520906880859375 0.3265562148437501 0.4848800704913284 0.33183068874413013 0.49373139648437503 0.392288859375
7 0.5273668090981061 0.4252813579007593 0.5054939023437499 0.39031348632812507 0.4495443569175188 0.42531073194299085 0.471417263671875 0.4602786035156251
7 0.6653338260381907 0.5647012033969587 0.607767427734375 0.49647435937499995 0.574795379852158 0.5242945241281767 0.6323617781559737 0.5925213681501355
7 0.5453710167731058 0.4344866257991094 0.51423165234375 0.41503621289062503 0.5026697625237692 0.43354635466964075 0.533809126953125 0.4529967675781251
7 0.4669644829089727 0.4598892247125791 0.46588690625000007 0.43786626171875 0.4400838178722774 0.4391287987249209 0.44116139453125003 0.46115176171875
7 0.4654498085143075 0.44985136806273235 0.43447465429687504 0.44452751367187504 0.4259043399231926 0.49439116318726767 0.456879494140625 0.499715017578125
7 0.4966088684722339 0.46235172255278933 0.4588477617187501 0.460790541015625 0.4574126686371412 0.49550188096283576 0.495173775390625 0.4970630625000001
7 0.49129049699904426 0.41400387854114623 0.454230595703125 0.37200035156250005 0.3820582803447058 0.435678310911979 0.41911818164062503 0.4776818378906252
7 0.6354485645355801 0.45612857795098394 0.6190391679687499 0.39010715234374993 0.6016196268706697 0.39443671892401594 0.6180290234374999 0.46045814453124995
7 0.41156458289947856 0.6839749231930514 0.38269794726562506 0.6313059765625 0.3566447999130215 0.6455851061038236 0.385511435546875 0.698254052734375
7 0.3935748375464302 0.5940255773034437 0.37457031250000006 0.5886805546875001 0.3597454749535699 0.6413910887121814 0.37875000000000003 0.6467361113281251
7 0.42627480386155003 0.4165664831778282 0.3996481328125 0.39959198046875 0.35026793637282505 0.47705111252529697 0.3768946074218751 0.49402561523437505
7 0.4204777472638233 0.4357143207527608 0.4065252578125001 0.4286709960937501 0.3895893093768018 0.4622203003409894 0.403541798828125 0.4692636250000001
7 0.4281866868132586 0.34179455835842043 0.4131640619909503 0.33756944516932985 0.3988836251776916 0.3883443321234094 0.4139062499999999 0.39256944531250004
7 0.5393459845064306 0.3157995777706303 0.5110311230468751 0.313042962890625 0.5045421014310696 0.37969563511999477 0.532856962890625 0.38245225000000005
7 0.6063373619655651 0.39722452837143607 0.5958687204950325 0.36690908533489897 0.5521671905607173 0.3820002600884629 0.56263583203125 0.412315703125
7 0.5679681120758033 0.5088770219943345 0.5436791621093751 0.4348535546874999 0.5089131633148216 0.44626114792754057 0.53320211328125 0.5202846152343751
7 0.5607715233760033 0.5320067677678624 0.5107525878906252 0.49539160156250006 0.4881675469364968 0.5262443826227627 0.538186482421875 0.562859548828125
7 0.5204455272165525 0.5694693011382798 0.5159068300781249 0.5275268691406249 0.4661136934865724 0.532915110971095 0.470652390625 0.5748575429687499
7 0.518279632137099 0.5709566096797222 0.46890694531250005 0.5705420996093751 0.4684603444254012 0.6237371539921531 0.5178330312500002 0.6241516640625002
7 0.5345101314864829 0.4923025277600961 0.5148418896485625 0.47231705760156356 0.4763965237870796 0.5101521821852174 0.496064765625 0.53013765234375
7 0.5737005919883026 0.5190922082031695 0.5513654296875001 0.5071729628906251 0.5247736716835725 0.5570025632812057 0.547108833984375 0.56892180859375
7 0.4382048272675306 0.5211069608422256 0.3999323632812501 0.51685446484375 0.39708365903677595 0.5424928030440168 0.4353561230230565 0.5467452990424925
7 0.418011433669303 0.5402916217095785 0.3924160234375001 0.5399404648437499 0.3919427694556971 0.5744353900091714 0.4175381796875 0.574786546875
7 0.42123691387410733 0.5016134374476608 0.40494335351562494 0.49203171289062503 0.3743599747977675 0.5440382305210891 0.3906535351562499 0.553619955078125
7 0.5264256866873451 0.4342891710989537 0.49359480273437495 0.4311233359375001 0.4886448172189048 0.48245652030729635 0.521475701171875 0.48562235546875
7 0.48708197730463504 0.5682599322689112 0.4551184628906251 0.5313546914062501 0.38592288207036507 0.5912847689029639 0.417886396484375 0.628190009765625
7 0.4945543924788867 0.4860126501364795 0.4489851171875 0.48293672265625004 0.44472919541173833 0.5459873869728955 0.49029847070312504 0.549063314453125
7 0.46511609734499343 0.5046207916679031 0.41759067578125003 0.47645757812500017 0.3988257341786424 0.5081234162199462 0.4463511557423858 0.5362866297628491
7 0.6099133223354295 0.5461319160190267 0.5872017714843749 0.463360935546875 0.5426955409458203 0.4755730117153484 0.5654070917968749 0.5583439921875001
7 0.39383061248461326 0.5295349871048155 0.3697863593796617 0.5283589100609448 0.3679042586137985 0.5668374327217542 0.39194851171875006 0.5680135097656249
7 0.5076409962574524 0.3264429523723472 0.47314243554687496 0.31141938476562503 0.44415730843004764 0.37797782106515276 0.4786558691406251 0.393001388671875
7 0.43271075704807366 0.6608228427584054 0.40154121093749995 0.59749423828125 0.3717323456937096 0.6121657884818449 0.4029018918042834 0.6754943929590003
7 0.44095207070242776 0.6081528382160605 0.40536945507812516 0.6046385058593751 0.4028668355475725 0.6299775289714398 0.4384494511718751 0.6334918613281252
7 0.41115986477276434 0.5790165474975288 0.37256965429687494 0.564102455078125 0.36196506491473557 0.5915418275024711 0.40055527539062497 0.606455919921875
7 0.4357569141291684 0.44409017600958534 0.41124403125 0.4429411347656251 0.40963630657395655 0.4772392653966648 0.434149189453125 0.47838830664062504
7 0.4778283949463285 0.4003993482714554 0.46432343749999994 0.3215132519531251 0.4135509781005464 0.33020527672854466 0.427055935546875 0.409091373046875
7 0.42817715108484955 0.4061358294564878 0.42121272070312493 0.36972050390625005 0.4071293193268386 0.37241395417590967 0.4140937497085632 0.4088292797261474
7 0.6174205525574352 0.46822400279633597 0.617078841796875 0.44438972265625 0.5837839650206897 0.44486706946928906 0.58412567578125 0.46870134960937504
7 0.4148437500000001 0.485416666015625 0.4003906250000001 0.485416666015625 0.4003906250000001 0.501041666015625 0.4148437500000001 0.501041666015625
7 0.4327537261929406 0.4677312267854984 0.41970529006369023 0.451357948024255 0.39174155410512457 0.4736432231918816 0.40478999023437495 0.490016501953125
7 0.4078804151561032 0.48759198746311905 0.393895564453125 0.4794286601562501 0.3702198778126468 0.5199882176150061 0.384204728515625 0.5281515449218751
7 0.6478724621427164 0.6507802535981838 0.6471966914062501 0.625551470703125 0.6336833210604088 0.6259134358549413 0.6343590917968751 0.6511422187500001
7 0.6505667701232274 0.5436471604750001 0.6427734375 0.51527777734375 0.633532573763823 0.5178163283051425 0.6413259063870502 0.5461857114363926
7 0.6484510956509715 0.5293373976217834 0.6305940390625 0.480497583984375 0.6194129612199625 0.4845856655081212 0.6372700178084338 0.5334254791455297
7 0.6308971513782395 0.4807052820575785 0.613821732421875 0.43011144921875005 0.5996953115123853 0.4348791163799216 0.6167707304687499 0.48547294921875006
7 0.4109519168881765 0.7125062948895815 0.41046609765625003 0.6745044296875 0.39113787022119856 0.6747515234697936 0.39162368945312503 0.7127533886718751
7 0.4912619956976288 0.5747958801057667 0.445244568371906 0.5710980525784344 0.4403584007992773 0.6319037173945428 0.4863758281250001 0.635601544921875