3 0.4550781250000001 0.576171875 0.15429687500000006 0.576171875 0.15429687500000008 0.7421875 0.4550781250000001 0.7421875
3 0.2753906250000001 0.671875 0.013671875000000083 0.671875 0.013671875000000092 0.8203125 0.2753906250000001 0.8203125
3 0.3554687500000001 0.736328125 0.2011718750000001 0.736328125 0.2011718750000001 0.86328125 0.3554687500000001 0.86328125
3 0.943359375 0.5351562500000001 0.802734375 0.53515625 0.802734375 0.6582031250000001 0.943359375 0.6582031250000002
3 0.7578125 0.4550781250000001 0.578125 0.4550781250000001 0.578125 0.544921875 0.7578125 0.544921875
3 0.861328125 0.4160156250000001 0.640625 0.4160156250000001 0.640625 0.544921875 0.861328125 0.544921875
3 0.576171875 0.44531250000000006 0.4453125 0.4453125 0.44531250000000006 0.505859375 0.576171875 0.505859375
3 0.392578125 0.375 0.263671875 0.375 0.263671875 0.447265625 0.392578125 0.447265625
3 0.4453125 0.22070312500000006 0.240234375 0.22070312500000006 0.24023437500000003 0.34765625 0.4453125 0.34765625
3 0.85546875 0.24218750000000008 0.328125 0.24218750000000006 0.32812500000000006 0.560546875 0.85546875 0.560546875
3 0.27343750000000006 0.3203125 0.02148437500000004 0.3203125 0.021484375000000052 0.484375 0.2734375000000001 0.484375
3 0.21484375000000006 0.49609375 6.075396230145073e-17 0.49609375 6.661408858643318e-17 0.591796875 0.21484375000000006 0.591796875
3 0.19140625000000008 0.578125 7.079989307570636e-17 0.578125 8.120460709189969e-17 0.748046875 0.1914062500000001 0.748046875
3 0.2597656250000001 0.810546875 9.926336360276398e-17 0.810546875 1.0691740609743494e-16 0.935546875 0.2597656250000001 0.935546875
3 1 0.6113281250000002 0.9140625 0.6113281250000002 0.9140625 0.6972656250000002 1 0.6972656250000002