5 0.2695312500000001 0.515625 0.04687500000000007 0.515625 0.046875000000000076 0.658203125 0.2695312500000001 0.658203125
5 0.4550781250000001 0.51171875 0.15625000000000006 0.51171875 0.15625000000000006 0.650390625 0.4550781250000001 0.650390625
5 0.568359375 0.583984375 0.20898437500000006 0.583984375 0.20898437500000008 0.771484375 0.568359375 0.771484375
5 0.654296875 0.673828125 0.4824218750000001 0.673828125 0.4824218750000001 0.755859375 0.654296875 0.755859375
5 0.73828125 0.6015625 0.55078125 0.6015625 0.55078125 0.716796875 0.73828125 0.716796875
5 0.892578125 0.587890625 0.69140625 0.587890625 0.69140625 0.712890625 0.892578125 0.712890625
5 0.82421875 0.515625 0.615234375 0.515625 0.615234375 0.63671875 0.82421875 0.63671875
5 0.671875 0.517578125 0.3906250000000001 0.517578125 0.3906250000000001 0.623046875 0.671875 0.623046875
5 0.68359375 0.45507812500000006 0.4472656250000001 0.455078125 0.4472656250000001 0.537109375 0.68359375 0.537109375
5 0.734375 0.3867187500000001 0.482421875 0.3867187500000001 0.48242187500000006 0.4980468750000001 0.734375 0.4980468750000001
5 0.52734375 0.38281250000000006 0.3203125 0.3828125 0.32031250000000006 0.46093750000000006 0.52734375 0.4609375000000001
5 0.44726562500000006 0.400390625 0.23046875000000006 0.400390625 0.23046875000000006 0.498046875 0.4472656250000001 0.498046875
5 0.28125000000000006 0.451171875 0.13476562500000006 0.451171875 0.13476562500000006 0.51953125 0.2812500000000001 0.51953125
5 0.853515625 0.4843750000000001 0.666015625 0.4843750000000001 0.666015625 0.544921875 0.853515625 0.544921875
5 0.95703125 0.4960937500000001 0.75390625 0.4960937500000001 0.75390625 0.6015625000000001 0.95703125 0.6015625000000002