5 0.546875 0.23437500000000006 0.359375 0.23437500000000006 0.359375 0.39257812500000006 0.546875 0.3925781250000001
5 0.431640625 0.2890625 0.267578125 0.2890625 0.267578125 0.435546875 0.431640625 0.435546875
5 0.37695312500000006 0.361328125 0.18945312500000006 0.361328125 0.18945312500000006 0.498046875 0.3769531250000001 0.498046875
5 0.54296875 0.38085937500000006 0.369140625 0.380859375 0.36914062500000006 0.49804687500000006 0.54296875 0.4980468750000001
5 0.5078125 0.44335937500000006 0.283203125 0.443359375 0.28320312500000006 0.583984375 0.5078125 0.583984375
5 0.3925781250000001 0.544921875 0.21875000000000006 0.544921875 0.21875000000000008 0.822265625 0.3925781250000001 0.822265625
5 0.521484375 0.64453125 0.3457031250000001 0.64453125 0.3457031250000001 0.751953125 0.521484375 0.751953125
5 0.625 0.548828125 0.4101562500000001 0.548828125 0.4101562500000001 0.705078125 0.625 0.705078125
5 0.6640625 0.626953125 0.5 0.626953125 0.5 0.75390625 0.6640625 0.75390625
5 0.6191406250000001 0.7265625 0.3554687500000001 0.7265625 0.3554687500000001 0.9140625 0.6191406250000002 0.9140625
5 0.724609375 0.4453125000000001 0.541015625 0.4453125000000001 0.541015625 0.6015625 0.724609375 0.6015625
5 0.67578125 0.3242187500000001 0.5234375 0.3242187500000001 0.5234375 0.4804687500000001 0.67578125 0.4804687500000001
5 0.607421875 0.11328125000000007 0.490234375 0.11328125000000006 0.490234375 0.2656250000000001 0.607421875 0.2656250000000001
5 0.654296875 0.046875000000000076 0.5234375 0.04687500000000007 0.5234375 0.19531250000000006 0.654296875 0.19531250000000006
5 0.669921875 0.10156250000000008 0.587890625 0.10156250000000008 0.587890625 0.23242187500000006 0.669921875 0.23242187500000006
5 0.759765625 0.11523437500000008 0.662109375 0.11523437500000008 0.662109375 0.23632812500000008 0.759765625 0.2363281250000001
5 0.814453125 0.20312500000000008 0.66796875 0.20312500000000006 0.66796875 0.3437500000000001 0.814453125 0.3437500000000001
5 0.91796875 0.2167968750000001 0.78125 0.2167968750000001 0.78125 0.3359375000000001 0.91796875 0.3359375000000001