3 0.91015625 0.06250000000000008 0.42578125 0.06250000000000006 0.42578125 0.39648437500000006 0.91015625 0.3964843750000001
3 0.41015625000000006 0.24804687500000003 0.06835937500000003 0.248046875 0.06835937500000004 0.494140625 0.4101562500000001 0.494140625
3 0.5781250000000001 0.48632812500000006 0.2558593750000001 0.486328125 0.2558593750000001 0.9609375 0.5781250000000002 0.9609375
3 0.3945312500000001 0.53125 0.05859375000000007 0.53125 0.05859375000000009 0.916015625 0.3945312500000001 0.916015625
3 0.78515625 0.37695312500000006 0.4296875 0.376953125 0.42968750000000006 0.900390625 0.78515625 0.900390625
3 0.828125 0.548828125 0.63671875 0.548828125 0.63671875 0.818359375 0.828125 0.818359375
3 0.88671875 0.5859375 0.775390625 0.5859375 0.775390625 0.75390625 0.88671875 0.75390625
3 0.884765625 0.3125000000000001 0.671875 0.3125000000000001 0.671875 0.576171875 0.884765625 0.576171875
3 0.955078125 0.3457031250000001 0.763671875 0.3457031250000001 0.763671875 0.5917968750000001 0.955078125 0.5917968750000002
3 0.546875 0.31835937500000006 0.34765625 0.318359375 0.34765625000000006 0.505859375 0.546875 0.505859375
3 0.607421875 0.25000000000000006 0.4453125 0.25 0.4453125 0.38085937500000006 0.607421875 0.3808593750000001