5 0.46875000000000006 0.33398437500000006 0.328125 0.333984375 0.32812500000000006 0.51953125 0.4687500000000001 0.51953125
5 0.39453125000000006 0.333984375 0.21875000000000006 0.333984375 0.21875000000000006 0.5 0.3945312500000001 0.5
5 0.35351562500000006 0.431640625 0.17187500000000006 0.431640625 0.17187500000000006 0.650390625 0.3535156250000001 0.650390625
5 0.818359375 0.3652343750000001 0.6484375 0.3652343750000001 0.6484375 0.59375 0.818359375 0.59375
5 0.939453125 0.4570312500000001 0.771484375 0.4570312500000001 0.771484375 0.7011718750000001 0.939453125 0.7011718750000002
5 0.744140625 0.13671875000000008 0.607421875 0.13671875000000006 0.607421875 0.2734375000000001 0.744140625 0.2734375000000001
5 0.65234375 0.13476562500000006 0.533203125 0.13476562500000006 0.533203125 0.2792968750000001 0.65234375 0.2792968750000001
5 0.30859375 0.22265625000000006 0.228515625 0.22265625000000006 0.22851562500000003 0.302734375 0.30859375 0.302734375
5 0.22265625000000006 0.244140625 0.12695312500000006 0.244140625 0.12695312500000006 0.34765625 0.22265625000000006 0.34765625
5 0.17968750000000008 0.4453125 5.453505277453057e-17 0.4453125 7.127827073162329e-17 0.71875 0.1796875000000001 0.71875
5 0.18359375 0.10546875000000001 0.087890625 0.10546875 0.08789062500000001 0.15625 0.18359375 0.15625
5 0.302734375 0.10156250000000003 0.171875 0.10156250000000003 0.171875 0.17773437500000003 0.302734375 0.17773437500000006
5 0.37109375 0.12890625000000006 0.283203125 0.12890625000000006 0.283203125 0.19335937500000006 0.37109375 0.19335937500000006
5 0.939453125 0.1660156250000001 0.806640625 0.1660156250000001 0.806640625 0.3281250000000001 0.939453125 0.3281250000000001
5 0.830078125 0.1835937500000001 0.712890625 0.1835937500000001 0.712890625 0.3125000000000001 0.830078125 0.3125000000000001
5 0.5820312500000001 0.693359375 0.3437500000000001 0.693359375 0.3437500000000001 1 0.5820312500000002 1
5 0.3476562500000001 0.69140625 0.2128906250000001 0.69140625 0.2128906250000001 0.865234375 0.3476562500000001 0.865234375
5 0.9921875 0.2031250000000001 0.90625 0.2031250000000001 0.90625 0.3066406250000001 0.9921875 0.3066406250000001
5 0.951171875 1.12059965898542e-16 0.87890625 1.0763497258131034e-16 0.87890625 0.12304687500000011 0.951171875 0.12304687500000011
5 1 1.1971400839321295e-16 0.955078125 1.1696333687169058e-16 0.955078125 0.1308593750000001 1 0.1308593750000001
5 0.599609375 0.19335937500000006 0.47265625 0.19335937500000006 0.47265625 0.3281250000000001 0.599609375 0.3281250000000001