5 0.41601562500000006 0.17187500000000003 0.10937500000000003 0.171875 0.10937500000000006 0.611328125 0.4160156250000001 0.611328125
5 0.30078125000000006 0.3125 0.04492187500000004 0.3125 0.04492187500000006 0.638671875 0.3007812500000001 0.638671875
5 0.595703125 0.15039062500000006 0.37890625 0.15039062500000006 0.37890625 0.33398437500000006 0.595703125 0.3339843750000001
5 0.7578125 0.16601562500000008 0.443359375 0.16601562500000006 0.443359375 0.33789062500000006 0.7578125 0.3378906250000001
5 0.720703125 0.30468750000000006 0.37890625 0.3046875 0.37890625000000006 0.61328125 0.720703125 0.61328125
5 0.935546875 0.3457031250000001 0.578125 0.3457031250000001 0.578125 0.6250000000000001 0.935546875 0.6250000000000002
5 0.67578125 0.564453125 0.3496093750000001 0.564453125 0.3496093750000001 0.810546875 0.67578125 0.810546875
5 0.4453125000000001 0.59765625 0.20507812500000006 0.59765625 0.20507812500000008 0.7890625 0.4453125000000001 0.7890625
5 0.49804687500000006 0.41406250000000006 0.275390625 0.4140625 0.27539062500000006 0.6171875 0.4980468750000001 0.6171875
5 0.53125 0.41406250000000006 0.408203125 0.4140625 0.40820312500000006 0.51953125 0.53125 0.51953125
5 0.431640625 0.31640625 0.314453125 0.31640625 0.314453125 0.44140625 0.431640625 0.44140625