3 0.33593750000000006 0.21093750000000003 0.142578125 0.2109375 0.14257812500000003 0.45703125 0.3359375000000001 0.45703125
3 0.45703125000000006 0.30468750000000006 0.24609375000000006 0.3046875 0.24609375000000006 0.66015625 0.4570312500000001 0.66015625
3 0.5859375 0.039062500000000056 0.294921875 0.03906250000000004 0.294921875 0.44921875000000006 0.5859375 0.4492187500000001
3 0.71875 0.09375000000000007 0.482421875 0.09375000000000006 0.482421875 0.4042968750000001 0.71875 0.4042968750000001
3 0.861328125 0.0566406250000001 0.6640625 0.05664062500000008 0.6640625 0.2675781250000001 0.861328125 0.2675781250000001
3 0.919921875 0.23632812500000008 0.671875 0.23632812500000006 0.671875 0.7656250000000001 0.919921875 0.7656250000000002
3 0.939453125 0.3710937500000001 0.7421875 0.3710937500000001 0.7421875 0.7558593750000001 0.939453125 0.7558593750000002
3 0.3417968750000001 0.603515625 0.09570312500000008 0.603515625 0.0957031250000001 0.8203125 0.3417968750000001 0.8203125
3 0.4101562500000001 0.77734375 0.2734375000000001 0.77734375 0.2734375000000001 0.900390625 0.4101562500000001 0.900390625
3 0.501953125 0.68359375 0.3808593750000001 0.68359375 0.3808593750000001 0.798828125 0.501953125 0.798828125
3 0.54296875 0.5625 0.4062500000000001 0.5625 0.4062500000000001 0.712890625 0.54296875 0.712890625
3 0.4160156250000001 0.583984375 0.2792968750000001 0.583984375 0.2792968750000001 0.771484375 0.4160156250000001 0.771484375
3 0.3320312500000001 0.48828125 0.20507812500000006 0.48828125 0.20507812500000006 0.609375 0.3320312500000001 0.609375
3 0.27539062500000006 0.376953125 0.11718750000000006 0.376953125 0.11718750000000006 0.52734375 0.2753906250000001 0.52734375
3 0.685546875 0.36132812500000006 0.447265625 0.361328125 0.44726562500000006 0.724609375 0.685546875 0.724609375
3 0.37109375 0.15234375000000003 0.181640625 0.15234375 0.18164062500000003 0.310546875 0.37109375 0.310546875