5 0.24414062500000006 0.52734375 0.16992187500000006 0.52734375 0.16992187500000006 0.603515625 0.24414062500000006 0.603515625
5 0.20117187500000006 0.556640625 0.14453125000000006 0.556640625 0.14453125000000006 0.62109375 0.20117187500000006 0.62109375
5 0.19335937500000006 0.61328125 0.14843750000000006 0.61328125 0.14843750000000006 0.6796875 0.19335937500000006 0.6796875
5 0.2636718750000001 0.595703125 0.20703125000000006 0.595703125 0.20703125000000006 0.6640625 0.2636718750000001 0.6640625
5 0.619140625 0.56640625 0.57421875 0.56640625 0.57421875 0.650390625 0.619140625 0.650390625
5 0.662109375 0.62890625 0.607421875 0.62890625 0.607421875 0.689453125 0.662109375 0.689453125
5 0.623046875 0.685546875 0.58984375 0.685546875 0.58984375 0.751953125 0.623046875 0.751953125
5 0.66796875 0.6875 0.615234375 0.6875 0.615234375 0.751953125 0.66796875 0.751953125
5 0.83984375 0.53125 0.77734375 0.53125 0.77734375 0.66015625 0.83984375 0.66015625
5 0.857421875 0.4667968750000001 0.80078125 0.4667968750000001 0.80078125 0.54296875 0.857421875 0.54296875
5 0.888671875 0.529296875 0.83203125 0.529296875 0.83203125 0.61328125 0.888671875 0.61328125
5 0.876953125 0.609375 0.82421875 0.609375 0.82421875 0.6875 0.876953125 0.6875
5 0.85546875 0.3476562500000001 0.828125 0.3476562500000001 0.828125 0.3847656250000001 0.85546875 0.3847656250000001
5 0.85546875 0.2714843750000001 0.822265625 0.2714843750000001 0.822265625 0.3378906250000001 0.85546875 0.3378906250000001
5 0.892578125 0.3320312500000001 0.8515625 0.3320312500000001 0.8515625 0.3925781250000001 0.892578125 0.3925781250000001
5 0.876953125 0.4003906250000001 0.84765625 0.4003906250000001 0.84765625 0.4375000000000001 0.876953125 0.4375000000000001