5 0.55078125 0.23242187500000006 0.361328125 0.23242187500000006 0.361328125 0.40625000000000006 0.55078125 0.4062500000000001
5 0.623046875 0.2832031250000001 0.4765625 0.2832031250000001 0.4765625 0.4042968750000001 0.623046875 0.4042968750000001
5 0.5625 0.36328125000000006 0.361328125 0.36328125 0.36132812500000006 0.501953125 0.5625 0.501953125
5 0.509765625 0.44335937500000006 0.291015625 0.443359375 0.29101562500000006 0.595703125 0.509765625 0.595703125
5 0.4140625000000001 0.556640625 0.21484375000000006 0.556640625 0.21484375000000008 0.71484375 0.4140625000000001 0.71484375
5 0.51953125 0.640625 0.3339843750000001 0.640625 0.3339843750000001 0.7734375 0.51953125 0.7734375
5 0.611328125 0.587890625 0.4023437500000001 0.587890625 0.4023437500000001 0.7265625 0.611328125 0.7265625
5 0.666015625 0.619140625 0.50390625 0.619140625 0.50390625 0.759765625 0.666015625 0.759765625
5 0.595703125 0.71875 0.3496093750000001 0.71875 0.3496093750000001 0.892578125 0.595703125 0.892578125
5 0.36718750000000006 0.36328125 0.19726562500000006 0.36328125 0.19726562500000006 0.50390625 0.3671875000000001 0.50390625
5 0.41796875 0.3203125 0.267578125 0.3203125 0.267578125 0.443359375 0.41796875 0.443359375
5 0.60546875 0.11718750000000007 0.482421875 0.11718750000000006 0.482421875 0.23046875000000006 0.60546875 0.23046875000000006
5 0.64453125 0.044921875000000076 0.52734375 0.04492187500000007 0.52734375 0.15820312500000006 0.64453125 0.15820312500000006
5 0.6875 0.10937500000000008 0.587890625 0.10937500000000008 0.587890625 0.22656250000000008 0.6875 0.2265625000000001
5 0.751953125 0.12500000000000008 0.62890625 0.12500000000000006 0.62890625 0.2773437500000001 0.751953125 0.2773437500000001
5 0.84375 0.20507812500000008 0.66015625 0.20507812500000006 0.66015625 0.3417968750000001 0.84375 0.3417968750000001
5 0.716796875 0.2636718750000001 0.609375 0.2636718750000001 0.609375 0.3437500000000001 0.716796875 0.3437500000000001