3 0.5 0.650390625 0.3808593750000001 0.650390625 0.3808593750000001 0.71875 0.5 0.71875
3 0.736328125 0.68359375 0.56640625 0.68359375 0.56640625 0.7890625 0.736328125 0.7890625
3 0.541015625 0.724609375 0.3964843750000001 0.724609375 0.3964843750000001 0.80078125 0.541015625 0.80078125
3 0.576171875 0.765625 0.4804687500000001 0.765625 0.4804687500000001 0.826171875 0.576171875 0.826171875
3 0.638671875 0.822265625 0.5234375 0.822265625 0.5234375 0.884765625 0.638671875 0.884765625
3 0.546875 0.833984375 0.4414062500000001 0.833984375 0.4414062500000001 0.87109375 0.546875 0.87109375
3 0.22265625000000008 0.607421875 0.07812500000000008 0.607421875 0.07812500000000008 0.693359375 0.2226562500000001 0.693359375
3 0.2714843750000001 0.583984375 0.16601562500000006 0.583984375 0.16601562500000006 0.662109375 0.2714843750000001 0.662109375
3 0.17187500000000006 0.5859375 0.03906250000000007 0.5859375 0.039062500000000076 0.6328125 0.17187500000000006 0.6328125
3 0.23437500000000006 0.5546875 0.11914062500000006 0.5546875 0.11914062500000007 0.599609375 0.23437500000000006 0.599609375
3 0.744140625 0.59375 0.62890625 0.59375 0.62890625 0.638671875 0.744140625 0.638671875
3 0.765625 0.580078125 0.685546875 0.580078125 0.685546875 0.61328125 0.765625 0.61328125
3 0.765625 0.6171875 0.6796875 0.6171875 0.6796875 0.6484375 0.765625 0.6484375
3 0.73828125 0.63671875 0.66015625 0.63671875 0.66015625 0.703125 0.73828125 0.703125
3 0.791015625 0.630859375 0.72265625 0.630859375 0.72265625 0.703125 0.791015625 0.703125
3 0.880859375 0.62890625 0.759765625 0.62890625 0.759765625 0.703125 0.880859375 0.703125
3 0.900390625 0.662109375 0.80859375 0.662109375 0.80859375 0.7109375 0.900390625 0.7109375
3 0.873046875 0.583984375 0.759765625 0.583984375 0.759765625 0.630859375 0.873046875 0.630859375
3 0.572265625 0.6171875 0.4511718750000001 0.6171875 0.4511718750000001 0.65234375 0.572265625 0.65234375
3 0.587890625 0.640625 0.4667968750000001 0.640625 0.4667968750000001 0.689453125 0.587890625 0.689453125
3 0.671875 0.63671875 0.544921875 0.63671875 0.544921875 0.681640625 0.671875 0.681640625
3 0.716796875 0.78125 0.6171875 0.78125 0.6171875 0.84375 0.716796875 0.84375
3 0.4863281250000001 0.791015625 0.3632812500000001 0.791015625 0.3632812500000001 0.861328125 0.4863281250000001 0.861328125