3 0.748046875 0.2695312500000001 0.49609375 0.2695312500000001 0.49609375 0.4101562500000001 0.748046875 0.4101562500000001
3 0.75 0.4042968750000001 0.53125 0.4042968750000001 0.53125 0.4882812500000001 0.75 0.4882812500000001
3 0.67578125 0.4707031250000001 0.4863281250000001 0.4707031250000001 0.4863281250000001 0.685546875 0.67578125 0.685546875
3 0.572265625 0.51953125 0.3183593750000001 0.51953125 0.3183593750000001 0.720703125 0.572265625 0.720703125
3 0.4785156250000001 0.546875 0.16601562500000006 0.546875 0.16601562500000008 0.75390625 0.4785156250000001 0.75390625
3 0.42578125000000006 0.41796875 0.251953125 0.41796875 0.25195312500000006 0.529296875 0.4257812500000001 0.529296875
3 0.5625 0.39257812500000006 0.396484375 0.392578125 0.39648437500000006 0.49609375000000006 0.5625 0.4960937500000001
3 0.763671875 0.3164062500000001 0.630859375 0.3164062500000001 0.630859375 0.4082031250000001 0.763671875 0.4082031250000001
3 0.560546875 0.29687500000000006 0.3984375 0.296875 0.3984375 0.40039062500000006 0.560546875 0.4003906250000001
3 0.462890625 0.32812500000000006 0.328125 0.328125 0.328125 0.37500000000000006 0.462890625 0.3750000000000001
3 0.47265625 0.35742187500000006 0.330078125 0.357421875 0.330078125 0.41406250000000006 0.47265625 0.4140625000000001
3 0.3183593750000001 0.4921875 0.20507812500000006 0.4921875 0.20507812500000006 0.544921875 0.3183593750000001 0.544921875