3 0.5703125 0.5078125 0.4394531250000001 0.5078125 0.4394531250000001 0.6328125 0.5703125 0.6328125
3 0.583984375 0.4804687500000001 0.4960937500000001 0.4804687500000001 0.4960937500000001 0.619140625 0.583984375 0.619140625
3 0.654296875 0.521484375 0.564453125 0.521484375 0.564453125 0.646484375 0.654296875 0.646484375
3 0.6953125 0.5234375 0.626953125 0.5234375 0.626953125 0.677734375 0.6953125 0.677734375
3 0.748046875 0.552734375 0.669921875 0.552734375 0.669921875 0.697265625 0.748046875 0.697265625
3 0.771484375 0.642578125 0.619140625 0.642578125 0.619140625 0.77734375 0.771484375 0.77734375
3 0.8535156250000001 0.76953125 0.638671875 0.76953125 0.6386718750000001 0.91015625 0.8535156250000002 0.91015625
3 0.61328125 0.626953125 0.4355468750000001 0.626953125 0.4355468750000001 0.80859375 0.61328125 0.80859375
3 0.23632812500000006 0.4765625 0.12500000000000006 0.4765625 0.12500000000000006 0.607421875 0.23632812500000006 0.607421875
3 0.25195312500000006 0.451171875 0.19726562500000006 0.451171875 0.19726562500000006 0.54296875 0.2519531250000001 0.54296875
3 0.2773437500000001 0.5234375 0.23828125000000006 0.5234375 0.23828125000000006 0.583984375 0.2773437500000001 0.583984375
3 0.2792968750000001 0.47265625 0.23632812500000006 0.47265625 0.23632812500000006 0.5234375 0.2792968750000001 0.5234375
3 0.3417968750000001 0.46875 0.2753906250000001 0.46875 0.2753906250000001 0.5390625 0.3417968750000001 0.5390625
3 0.17187500000000006 0.537109375 0.05664062500000007 0.537109375 0.05664062500000007 0.615234375 0.17187500000000006 0.615234375
3 0.42968750000000006 0.43359375 0.34375 0.43359375 0.34375000000000006 0.4921875 0.4296875000000001 0.4921875