5 0.47265625000000006 0.37304687500000006 0.30078125 0.373046875 0.30078125000000006 0.46093750000000006 0.4726562500000001 0.4609375000000001
5 0.591796875 0.42382812500000006 0.40234375 0.423828125 0.40234375000000006 0.5234375 0.591796875 0.5234375
5 0.4394531250000001 0.45703125 0.3144531250000001 0.45703125 0.3144531250000001 0.537109375 0.4394531250000001 0.537109375
5 0.55078125 0.48828125000000006 0.3789062500000001 0.48828125 0.3789062500000001 0.583984375 0.55078125 0.583984375
5 0.529296875 0.509765625 0.3125000000000001 0.509765625 0.3125000000000001 0.623046875 0.529296875 0.623046875
5 0.5390625 0.599609375 0.3808593750000001 0.599609375 0.3808593750000001 0.677734375 0.5390625 0.677734375
5 0.69921875 0.5 0.513671875 0.5 0.513671875 0.57421875 0.69921875 0.57421875
5 0.650390625 0.4296875000000001 0.494140625 0.4296875000000001 0.49414062500000006 0.515625 0.650390625 0.515625
5 0.720703125 0.3925781250000001 0.5859375 0.3925781250000001 0.5859375 0.4667968750000001 0.720703125 0.4667968750000001
5 0.59765625 0.32617187500000006 0.39453125 0.326171875 0.39453125 0.40820312500000006 0.59765625 0.4082031250000001
5 0.37109375 0.30859375 0.26171875 0.30859375 0.26171875 0.349609375 0.37109375 0.349609375
5 0.3671875 0.337890625 0.21679687500000006 0.337890625 0.21679687500000006 0.404296875 0.3671875 0.404296875