3 0.74609375 0.12695312500000008 0.31640625 0.12695312500000006 0.31640625 0.24804687500000008 0.74609375 0.2480468750000001
3 0.57421875 0.17968750000000003 0.09765625000000003 0.1796875 0.09765625000000004 0.42578125000000006 0.57421875 0.4257812500000001
3 0.84765625 0.23242187500000008 0.3984375 0.23242187500000006 0.3984375 0.38867187500000006 0.84765625 0.3886718750000001
3 0.89453125 0.18164062500000008 0.65625 0.18164062500000006 0.65625 0.2773437500000001 0.89453125 0.2773437500000001
3 0.939453125 0.3066406250000001 0.53125 0.3066406250000001 0.53125 0.5898437500000001 0.939453125 0.5898437500000002
3 0.798828125 0.54296875 0.23437500000000006 0.54296875 0.23437500000000008 0.72265625 0.798828125 0.72265625
3 0.638671875 0.38671875000000006 0.14062500000000006 0.38671875 0.14062500000000006 0.572265625 0.638671875 0.572265625
3 0.33789062500000006 0.4140625 0.048828125000000056 0.4140625 0.04882812500000006 0.57421875 0.3378906250000001 0.57421875
3 0.4257812500000001 0.537109375 0.13281250000000006 0.537109375 0.13281250000000008 0.7109375 0.4257812500000001 0.7109375
3 0.76171875 0.658203125 0.4003906250000001 0.658203125 0.4003906250000001 0.81640625 0.76171875 0.81640625
3 0.89453125 0.5703125 0.642578125 0.5703125 0.642578125 0.697265625 0.89453125 0.697265625