3 0.18945312500000003 0.193359375 0.05664062500000003 0.193359375 0.056640625000000035 0.29296875 0.18945312500000006 0.29296875
3 0.25390625 0.14453125000000003 0.12109375000000003 0.14453125 0.12109375000000003 0.2890625 0.25390625 0.2890625
3 0.330078125 0.16601562500000006 0.244140625 0.16601562500000006 0.244140625 0.22656250000000006 0.330078125 0.22656250000000006
3 0.439453125 0.17382812500000006 0.275390625 0.17382812500000006 0.275390625 0.271484375 0.439453125 0.271484375
3 0.498046875 0.24023437500000006 0.337890625 0.24023437500000006 0.337890625 0.35742187500000006 0.498046875 0.3574218750000001
3 0.611328125 0.33398437500000006 0.421875 0.333984375 0.42187500000000006 0.603515625 0.611328125 0.603515625
3 0.765625 0.16992187500000008 0.517578125 0.16992187500000006 0.517578125 0.4609375000000001 0.765625 0.4609375000000001
3 0.826171875 0.3007812500000001 0.66015625 0.3007812500000001 0.66015625 0.4570312500000001 0.826171875 0.4570312500000001
3 0.826171875 0.4179687500000001 0.5859375 0.4179687500000001 0.5859375 0.65234375 0.826171875 0.65234375
3 0.87890625 0.533203125 0.6796875 0.533203125 0.6796875 0.6953125 0.87890625 0.6953125
3 0.666015625 0.625 0.515625 0.625 0.515625 0.8359375 0.666015625 0.8359375
3 0.544921875 0.41601562500000006 0.275390625 0.416015625 0.27539062500000006 0.8203125 0.544921875 0.8203125
3 0.4003906250000001 0.50390625 0.23437500000000006 0.50390625 0.23437500000000008 0.689453125 0.4003906250000001 0.689453125
3 0.31640625000000006 0.31640625 0.17187500000000006 0.31640625 0.17187500000000006 0.509765625 0.3164062500000001 0.509765625
3 0.24804687500000006 0.25 0.09179687500000003 0.25 0.09179687500000004 0.34375 0.24804687500000006 0.34375