3 0.873046875 0.4023437500000001 0.5859375 0.4023437500000001 0.5859375 0.826171875 0.873046875 0.826171875
3 0.9765625 0.3671875000000001 0.771484375 0.3671875000000001 0.771484375 0.6582031250000001 0.9765625 0.6582031250000002
3 1 0.5917968750000001 0.80078125 0.591796875 0.8007812500000001 0.9863281250000001 1 0.9863281250000002
3 0.9238281250000001 0.7187500000000001 0.654296875 0.71875 0.6542968750000001 1 0.9238281250000002 1
3 0.587890625 0.599609375 0.3515625000000001 0.599609375 0.3515625000000001 0.896484375 0.587890625 0.896484375
3 0.5781250000000001 0.85546875 0.3535156250000001 0.85546875 0.3535156250000001 1 0.5781250000000002 1
3 0.4531250000000001 0.498046875 0.3144531250000001 0.498046875 0.3144531250000001 0.685546875 0.4531250000000001 0.685546875
3 0.521484375 0.27539062500000006 0.408203125 0.275390625 0.40820312500000006 0.45898437500000006 0.521484375 0.4589843750000001
3 0.6171875 0.22656250000000006 0.4921875 0.22656250000000006 0.49218750000000006 0.4746093750000001 0.6171875 0.4746093750000001
3 0.298828125 0.08789062500000003 0.158203125 0.08789062500000003 0.15820312500000003 0.419921875 0.298828125 0.419921875
3 0.33203125000000006 0.412109375 0.19726562500000006 0.412109375 0.19726562500000006 0.609375 0.3320312500000001 0.609375
3 0.3964843750000001 0.55078125 0.23437500000000006 0.55078125 0.23437500000000008 0.880859375 0.3964843750000001 0.880859375
3 0.2714843750000001 0.79296875 0.1250000000000001 0.79296875 0.1250000000000001 1 0.2714843750000001 1
3 0.1679687500000001 0.701171875 0.03710937500000008 0.701171875 0.037109375000000104 0.998046875 0.1679687500000001 0.998046875
3 0.20507812500000008 0.578125 0.08593750000000008 0.578125 0.0859375000000001 0.8046875 0.2050781250000001 0.8046875
3 0.20312500000000006 0.49609375 0.09765625000000006 0.49609375 0.09765625000000007 0.62890625 0.20312500000000006 0.62890625
3 0.2617187500000001 0.568359375 0.17578125000000006 0.568359375 0.17578125000000008 0.8046875 0.2617187500000001 0.8046875
3 0.11718750000000007 0.484375 0.025390625000000062 0.484375 0.025390625000000076 0.736328125 0.11718750000000008 0.736328125
3 0.533203125 0.13085937500000006 0.416015625 0.13085937500000006 0.416015625 0.30859375000000006 0.533203125 0.3085937500000001
3 0.6875 0.3437500000000001 0.634765625 0.3437500000000001 0.634765625 0.4492187500000001 0.6875 0.4492187500000001
3 0.734375 0.3183593750000001 0.671875 0.3183593750000001 0.671875 0.4453125000000001 0.734375 0.4453125000000001
3 0.78125 0.2929687500000001 0.708984375 0.2929687500000001 0.708984375 0.4160156250000001 0.78125 0.4160156250000001
3 0.40625 0.12500000000000006 0.251953125 0.12500000000000006 0.251953125 0.3046875 0.40625 0.3046875
3 0.41015625 0.24218750000000006 0.296875 0.24218750000000006 0.296875 0.380859375 0.41015625 0.380859375
3 0.439453125 0.007812500000000047 0.30859375 0.007812500000000038 0.30859375 0.11523437500000004 0.439453125 0.11523437500000006
3 0.48046875 0.03906250000000005 0.333984375 0.03906250000000004 0.333984375 0.16992187500000006 0.48046875 0.16992187500000006