5 0.67578125 0.2636718750000001 0.537109375 0.2636718750000001 0.537109375 0.3671875000000001 0.67578125 0.3671875000000001
5 0.681640625 0.3847656250000001 0.564453125 0.3847656250000001 0.564453125 0.4882812500000001 0.681640625 0.4882812500000001
5 0.759765625 0.4785156250000001 0.62890625 0.4785156250000001 0.62890625 0.587890625 0.759765625 0.587890625
5 0.779296875 0.548828125 0.658203125 0.548828125 0.658203125 0.638671875 0.779296875 0.638671875
5 0.3339843750000001 0.5234375 0.22851562500000006 0.5234375 0.22851562500000006 0.599609375 0.3339843750000001 0.599609375
5 0.50390625 0.630859375 0.3457031250000001 0.630859375 0.3457031250000001 0.763671875 0.50390625 0.763671875
5 0.3398437500000001 0.666015625 0.17578125000000006 0.666015625 0.17578125000000008 0.806640625 0.3398437500000001 0.806640625
5 0.560546875 0.28320312500000006 0.4453125 0.283203125 0.4453125 0.38281250000000006 0.560546875 0.3828125000000001
5 0.49804687500000006 0.39648437500000006 0.376953125 0.396484375 0.37695312500000006 0.48632812500000006 0.4980468750000001 0.4863281250000001
5 0.4843750000000001 0.48828125000000006 0.3320312500000001 0.48828125 0.3320312500000001 0.57421875 0.4843750000000001 0.57421875
5 0.5625 0.4785156250000001 0.4687500000000001 0.4785156250000001 0.4687500000000001 0.53515625 0.5625 0.53515625
5 0.607421875 0.501953125 0.53515625 0.501953125 0.53515625 0.556640625 0.607421875 0.556640625
5 0.56640625 0.521484375 0.4335937500000001 0.521484375 0.4335937500000001 0.611328125 0.56640625 0.611328125
5 0.703125 0.607421875 0.60546875 0.607421875 0.60546875 0.6953125 0.703125 0.6953125