5 0.521484375 0.22656250000000006 0.390625 0.22656250000000006 0.390625 0.34765625000000006 0.521484375 0.3476562500000001
5 0.6015625 0.22851562500000006 0.490234375 0.22851562500000006 0.490234375 0.3378906250000001 0.6015625 0.3378906250000001
5 0.599609375 0.3085937500000001 0.474609375 0.3085937500000001 0.474609375 0.4101562500000001 0.599609375 0.4101562500000001
5 0.49218750000000006 0.30468750000000006 0.3359375 0.3046875 0.33593750000000006 0.47851562500000006 0.4921875000000001 0.4785156250000001
5 0.37109375000000006 0.388671875 0.19921875000000006 0.388671875 0.19921875000000006 0.50390625 0.3710937500000001 0.50390625
5 0.3730468750000001 0.533203125 0.2519531250000001 0.533203125 0.2519531250000001 0.634765625 0.3730468750000001 0.634765625
5 0.4648437500000001 0.521484375 0.3339843750000001 0.521484375 0.3339843750000001 0.658203125 0.4648437500000001 0.658203125
5 0.509765625 0.44921875000000006 0.365234375 0.44921875 0.36523437500000006 0.552734375 0.509765625 0.552734375
5 0.5078125 0.541015625 0.4160156250000001 0.541015625 0.4160156250000001 0.64453125 0.5078125 0.64453125
5 0.548828125 0.544921875 0.4199218750000001 0.544921875 0.4199218750000001 0.73046875 0.548828125 0.73046875
5 0.62890625 0.53125 0.505859375 0.53125 0.505859375 0.705078125 0.62890625 0.705078125
5 0.712890625 0.525390625 0.56640625 0.525390625 0.56640625 0.69921875 0.712890625 0.69921875
5 0.705078125 0.6953125 0.541015625 0.6953125 0.541015625 0.841796875 0.705078125 0.841796875
5 0.56640625 0.685546875 0.4003906250000001 0.685546875 0.4003906250000001 0.833984375 0.56640625 0.833984375
5 0.4628906250000001 0.677734375 0.3027343750000001 0.677734375 0.3027343750000001 0.806640625 0.4628906250000001 0.806640625
5 0.3925781250000001 0.609375 0.24414062500000006 0.609375 0.24414062500000008 0.697265625 0.3925781250000001 0.697265625