3 0.27343750000000006 0.3828125 0.08789062500000006 0.3828125 0.08789062500000006 0.548828125 0.2734375000000001 0.548828125
3 0.40429687500000006 0.431640625 0.20507812500000006 0.431640625 0.20507812500000006 0.646484375 0.4042968750000001 0.646484375
3 0.720703125 0.37109375000000006 0.43359375 0.37109375 0.43359375000000006 0.623046875 0.720703125 0.623046875
3 0.732421875 0.54296875 0.3964843750000001 0.54296875 0.3964843750000001 0.76171875 0.732421875 0.76171875
3 0.2695312500000001 0.693359375 0.05859375000000008 0.693359375 0.0585937500000001 0.87890625 0.2695312500000001 0.87890625
3 0.4277343750000001 0.64453125 0.22460937500000006 0.64453125 0.22460937500000008 0.814453125 0.4277343750000001 0.814453125
3 0.4667968750000001 0.578125 0.2812500000000001 0.578125 0.2812500000000001 0.75 0.4667968750000001 0.75
3 0.755859375 0.23632812500000008 0.517578125 0.23632812500000006 0.517578125 0.4492187500000001 0.755859375 0.4492187500000001
3 0.720703125 0.13867187500000008 0.47265625 0.13867187500000006 0.47265625 0.2890625000000001 0.720703125 0.2890625000000001
3 0.88671875 0.22265625000000008 0.62890625 0.22265625000000006 0.62890625 0.3886718750000001 0.88671875 0.3886718750000001
3 0.8671875 0.3671875000000001 0.634765625 0.3671875000000001 0.634765625 0.576171875 0.8671875 0.576171875
3 0.939453125 0.3535156250000001 0.80859375 0.3535156250000001 0.80859375 0.4863281250000001 0.939453125 0.4863281250000001
3 0.990234375 0.4941406250000001 0.73046875 0.4941406250000001 0.73046875 0.6894531250000001 0.990234375 0.6894531250000002
3 0.84375 0.607421875 0.568359375 0.607421875 0.568359375 0.81640625 0.84375 0.81640625