3 0.32421875 0.21875000000000003 0.142578125 0.21875 0.14257812500000003 0.40625 0.32421875 0.40625
3 0.46093750000000006 0.31445312500000006 0.23046875000000006 0.314453125 0.23046875000000008 0.6875 0.4609375000000001 0.6875
3 0.5859375 0.044921875000000056 0.314453125 0.04492187500000004 0.314453125 0.41992187500000006 0.5859375 0.4199218750000001
3 0.716796875 0.10742187500000007 0.48046875 0.10742187500000006 0.48046875 0.3984375000000001 0.716796875 0.3984375000000001
3 0.849609375 0.0722656250000001 0.685546875 0.07226562500000008 0.685546875 0.2402343750000001 0.849609375 0.2402343750000001
3 0.923828125 0.23046875000000008 0.6484375 0.23046875000000006 0.6484375 0.7675781250000001 0.923828125 0.7675781250000002
3 0.9453125 0.3652343750000001 0.736328125 0.3652343750000001 0.736328125 0.8046875000000001 0.9453125 0.8046875000000002
3 0.3398437500000001 0.59765625 0.08984375000000008 0.59765625 0.0898437500000001 0.8125 0.3398437500000001 0.8125
3 0.4101562500000001 0.7578125 0.2656250000000001 0.7578125 0.2656250000000001 0.900390625 0.4101562500000001 0.900390625
3 0.4140625000000001 0.58203125 0.2890625000000001 0.58203125 0.2890625000000001 0.767578125 0.4140625000000001 0.767578125
3 0.26367187500000006 0.375 0.11523437500000006 0.375 0.11523437500000006 0.53515625 0.2636718750000001 0.53515625
3 0.3398437500000001 0.494140625 0.20898437500000006 0.494140625 0.20898437500000006 0.634765625 0.3398437500000001 0.634765625
3 0.38671875 0.2890625 0.26953125 0.2890625 0.26953125 0.37890625 0.38671875 0.37890625
3 0.6796875 0.36328125000000006 0.435546875 0.36328125 0.43554687500000006 0.646484375 0.6796875 0.646484375
3 0.54296875 0.56640625 0.4199218750000001 0.56640625 0.4199218750000001 0.712890625 0.54296875 0.712890625