5 0.767578125 0.19531250000000008 0.435546875 0.19531250000000006 0.43554687500000006 0.591796875 0.767578125 0.591796875
5 0.55859375 0.09179687500000004 0.203125 0.09179687500000003 0.20312500000000003 0.41406250000000006 0.55859375 0.4140625000000001
5 0.5859375 0.37695312500000006 0.259765625 0.376953125 0.25976562500000006 0.6015625 0.5859375 0.6015625
5 0.7421875000000001 0.5625 0.3359375000000001 0.5625 0.3359375000000001 0.966796875 0.7421875000000002 0.966796875
5 0.9394531250000001 0.7187500000000001 0.560546875 0.71875 0.5605468750000001 0.9628906250000001 0.9394531250000002 0.9628906250000002
5 0.4042968750000001 0.7890625 0.1660156250000001 0.7890625 0.1660156250000001 0.984375 0.4042968750000001 0.984375
5 0.4941406250000001 0.7109375 0.3027343750000001 0.7109375 0.3027343750000001 0.888671875 0.4941406250000001 0.888671875
5 0.3671875000000001 0.607421875 0.19335937500000006 0.607421875 0.19335937500000008 0.791015625 0.3671875000000001 0.791015625
5 0.2792968750000001 0.5234375 0.12500000000000006 0.5234375 0.12500000000000006 0.677734375 0.2792968750000001 0.677734375
5 0.37304687500000006 0.20898437500000003 0.05273437500000003 0.208984375 0.05273437500000005 0.591796875 0.3730468750000001 0.591796875
5 0.646484375 6.111274554338843e-17 0.3515625 4.305398903252414e-17 0.3515625 0.14062500000000006 0.646484375 0.14062500000000006
5 0.744140625 0.07617187500000007 0.47265625 0.07617187500000006 0.47265625 0.21875000000000008 0.744140625 0.2187500000000001
5 0.9375 0.1074218750000001 0.61328125 0.10742187500000008 0.61328125 0.4941406250000001 0.9375 0.4941406250000001
5 0.869140625 0.4238281250000001 0.59765625 0.4238281250000001 0.59765625 0.7265625 0.869140625 0.7265625
5 1 0.4492187500000001 0.78515625 0.4492187500000001 0.78515625 0.7480468750000001 1 0.7480468750000002