3 0.267578125 0.18750000000000003 0.14453125 0.1875 0.14453125000000003 0.314453125 0.267578125 0.314453125
3 0.412109375 0.14257812500000006 0.251953125 0.14257812500000006 0.251953125 0.28515625 0.412109375 0.28515625
3 0.521484375 0.058593750000000056 0.34375 0.05859375000000004 0.34375 0.21679687500000006 0.521484375 0.21679687500000006
3 0.73046875 0.07226562500000007 0.494140625 0.07226562500000006 0.494140625 0.2695312500000001 0.73046875 0.2695312500000001
3 0.671875 0.2539062500000001 0.458984375 0.2539062500000001 0.458984375 0.3945312500000001 0.671875 0.3945312500000001
3 0.658203125 0.36132812500000006 0.3984375 0.361328125 0.39843750000000006 0.57421875 0.658203125 0.57421875
3 0.5703125000000001 0.564453125 0.22656250000000006 0.564453125 0.22656250000000008 0.9609375 0.5703125000000002 0.9609375
3 0.46093750000000006 0.32421875000000006 0.17187500000000006 0.32421875 0.17187500000000008 0.68359375 0.4609375000000001 0.68359375
3 0.26171875000000006 0.32421875 0.04296875000000004 0.32421875 0.04296875000000006 0.70703125 0.2617187500000001 0.70703125
3 0.732421875 0.548828125 0.5234375 0.548828125 0.5234375 0.806640625 0.732421875 0.806640625
3 0.6738281250000001 0.734375 0.5 0.734375 0.5000000000000001 0.919921875 0.6738281250000002 0.919921875
3 0.873046875 0.55078125 0.677734375 0.55078125 0.677734375 0.80859375 0.873046875 0.80859375
3 0.859375 0.2578125000000001 0.697265625 0.2578125000000001 0.697265625 0.3964843750000001 0.859375 0.3964843750000001
3 0.822265625 0.3574218750000001 0.630859375 0.3574218750000001 0.630859375 0.58984375 0.822265625 0.58984375
3 0.9375 0.3281250000000001 0.7109375 0.3281250000000001 0.7109375 0.6074218750000001 0.9375 0.6074218750000002