5 0.6328125 0.38476562500000006 0.353515625 0.384765625 0.35351562500000006 0.5390625 0.6328125 0.5390625
5 0.4433593750000001 0.5078125 0.22851562500000006 0.5078125 0.22851562500000008 0.69140625 0.4433593750000001 0.69140625
5 0.3964843750000001 0.716796875 0.2089843750000001 0.716796875 0.2089843750000001 0.880859375 0.3964843750000001 0.880859375
5 0.3125000000000001 0.697265625 0.09570312500000008 0.697265625 0.0957031250000001 0.935546875 0.3125000000000001 0.935546875
5 0.51953125 0.68359375 0.3437500000000001 0.68359375 0.3437500000000001 0.822265625 0.51953125 0.822265625
5 0.6953125 0.677734375 0.4882812500000001 0.677734375 0.4882812500000001 0.859375 0.6953125 0.859375
5 0.58203125 0.517578125 0.4335937500000001 0.517578125 0.4335937500000001 0.71875 0.58203125 0.71875
5 0.76953125 0.541015625 0.583984375 0.541015625 0.583984375 0.6875 0.76953125 0.6875
5 0.767578125 0.4140625000000001 0.5625 0.4140625000000001 0.5625 0.529296875 0.767578125 0.529296875
5 0.34960937500000006 0.33984375 0.10742187500000003 0.33984375 0.10742187500000004 0.53515625 0.3496093750000001 0.53515625
5 0.345703125 0.19531250000000003 0.14453125 0.1953125 0.14453125000000003 0.314453125 0.345703125 0.314453125