5 0.666015625 0.3066406250000001 0.47265625 0.3066406250000001 0.47265625000000006 0.4882812500000001 0.666015625 0.4882812500000001
5 0.3671875000000001 0.51953125 0.10546875000000006 0.51953125 0.10546875000000007 0.662109375 0.3671875000000001 0.662109375
5 0.4609375000000001 0.638671875 0.2636718750000001 0.638671875 0.2636718750000001 0.83984375 0.4609375000000001 0.83984375
5 0.91796875 0.6113281250000001 0.650390625 0.611328125 0.650390625 0.7832031250000001 0.91796875 0.7832031250000002
5 0.822265625 0.513671875 0.58984375 0.513671875 0.58984375 0.69140625 0.822265625 0.69140625
5 0.642578125 0.49804687500000006 0.2929687500000001 0.498046875 0.2929687500000001 0.671875 0.642578125 0.671875
5 0.859375 0.73828125 0.58203125 0.73828125 0.58203125 0.890625 0.859375 0.890625
5 0.6953125 0.20117187500000008 0.51953125 0.20117187500000006 0.51953125 0.3242187500000001 0.6953125 0.3242187500000001
5 0.822265625 0.17773437500000008 0.6171875 0.17773437500000006 0.6171875 0.3613281250000001 0.822265625 0.3613281250000001
5 0.82421875 0.3750000000000001 0.63671875 0.3750000000000001 0.63671875 0.509765625 0.82421875 0.509765625
5 0.34570312500000006 0.345703125 0.14453125000000006 0.345703125 0.14453125000000006 0.5 0.3457031250000001 0.5