5 0.625 0.25195312500000006 0.4296875 0.251953125 0.42968750000000006 0.48828125000000006 0.625 0.4882812500000001
5 0.80859375 0.521484375 0.537109375 0.521484375 0.537109375 0.720703125 0.80859375 0.720703125
5 0.896484375 0.6015625 0.591796875 0.6015625 0.591796875 0.798828125 0.896484375 0.798828125
5 0.7851562500000001 0.78515625 0.525390625 0.78515625 0.5253906250000001 0.91796875 0.7851562500000002 0.91796875
5 0.4003906250000001 0.63671875 0.17187500000000006 0.63671875 0.17187500000000008 0.857421875 0.4003906250000001 0.857421875
5 0.53515625 0.6328125 0.3085937500000001 0.6328125 0.3085937500000001 0.8671875 0.53515625 0.8671875
5 0.2636718750000001 0.48046875 0.027343750000000056 0.48046875 0.02734375000000007 0.681640625 0.2636718750000001 0.681640625
5 0.4980468750000001 0.47460937500000006 0.19726562500000006 0.474609375 0.19726562500000006 0.673828125 0.4980468750000001 0.673828125
5 0.44140625000000006 0.306640625 0.22656250000000006 0.306640625 0.22656250000000006 0.546875 0.4414062500000001 0.546875
5 0.24804687500000006 0.30078125 0.05078125000000004 0.30078125 0.05078125000000005 0.484375 0.24804687500000006 0.484375
5 0.8125 0.3378906250000001 0.62109375 0.3378906250000001 0.62109375 0.505859375 0.8125 0.505859375