5 0.44921875000000006 0.298828125 0.15429687500000006 0.298828125 0.15429687500000006 0.4765625 0.4492187500000001 0.4765625
5 0.517578125 0.46484375000000006 0.3242187500000001 0.46484375 0.3242187500000001 0.64453125 0.517578125 0.64453125
5 0.4023437500000001 0.669921875 0.14453125000000006 0.669921875 0.14453125000000008 0.892578125 0.4023437500000001 0.892578125
5 0.662109375 0.4882812500000001 0.4980468750000001 0.4882812500000001 0.4980468750000001 0.66796875 0.662109375 0.66796875
5 0.76953125 0.638671875 0.564453125 0.638671875 0.564453125 0.830078125 0.76953125 0.830078125
5 0.58984375 0.640625 0.4042968750000001 0.640625 0.4042968750000001 0.783203125 0.58984375 0.783203125
5 0.5312500000000001 0.685546875 0.2753906250000001 0.685546875 0.2753906250000001 0.91015625 0.5312500000000002 0.91015625
5 0.662109375 0.34570312500000006 0.419921875 0.345703125 0.41992187500000006 0.49023437500000006 0.662109375 0.4902343750000001
5 0.859375 0.3691406250000001 0.630859375 0.3691406250000001 0.630859375 0.4980468750000001 0.859375 0.4980468750000001
5 0.8828125 0.51171875 0.654296875 0.51171875 0.654296875 0.669921875 0.8828125 0.669921875
5 0.451171875 0.16601562500000003 0.18359375 0.166015625 0.18359375000000003 0.29296875 0.451171875 0.29296875