4 0.3925781250000001 0.521484375 0.2578125000000001 0.521484375 0.2578125000000001 0.69921875 0.3925781250000001 0.69921875
4 0.6171875 0.4824218750000001 0.544921875 0.4824218750000001 0.544921875 0.619140625 0.6171875 0.619140625
4 0.6796875 0.4218750000000001 0.61328125 0.4218750000000001 0.61328125 0.546875 0.6796875 0.546875
4 0.796875 0.3085937500000001 0.70703125 0.3085937500000001 0.70703125 0.4277343750000001 0.796875 0.4277343750000001
4 0.89453125 0.2910156250000001 0.798828125 0.2910156250000001 0.798828125 0.4042968750000001 0.89453125 0.4042968750000001
4 0.86328125 0.2343750000000001 0.71875 0.2343750000000001 0.71875 0.3066406250000001 0.86328125 0.3066406250000001
4 0.91796875 0.3808593750000001 0.837890625 0.3808593750000001 0.837890625 0.4550781250000001 0.91796875 0.4550781250000001
4 0.814453125 0.4140625000000001 0.740234375 0.4140625000000001 0.740234375 0.515625 0.814453125 0.515625
4 0.806640625 0.521484375 0.728515625 0.521484375 0.728515625 0.65234375 0.806640625 0.65234375
4 0.8906250000000002 0.912109375 0.8105468750000002 0.912109375 0.8105468750000002 0.982421875 0.8906250000000002 0.982421875
4 0.75 0.55859375 0.6484375 0.55859375 0.6484375 0.673828125 0.75 0.673828125
4 0.80078125 0.65625 0.666015625 0.65625 0.666015625 0.767578125 0.80078125 0.767578125