6 0.6782572526917583 0.5706154073595057 0.6041775861264351 0.48013238524683377 0.46797711514697804 0.591641541778257 0.5420567817123012 0.6821245638909289
6 0.8092548073918271 0.5365384610877406 0.7260817307692311 0.4117788461538462 0.6024038461538461 0.49423076923076925 0.6855769227764421 0.6189903841646637
6 0.9181751182370267 0.6819722896898435 0.7198850252725529 0.5718111234892659 0.6190595514952897 0.7532969706169066 0.8173496444597634 0.8634581368174841
6 0.9936198591431871 0.6931459311505646 0.8586803748047891 0.4988330737032713 0.7393284747527329 0.5817163376283103 0.8742679590911309 0.7760291950756036
6 0.480269273474064 0.32500974977147523 0.34772490919949295 0.303802651487544 0.32132085303724656 0.4688280025015846 0.4538652173118176 0.4900351007855159
6 0.37332920738531494 0.6036045802926606 0.23489325600270977 0.49033879867093316 0.16284034670094008 0.5784034630934813 0.3012762980835453 0.6916692447152089
6 0.2731943760252322 0.6895461674186888 0.20394264025847866 0.5602762635395709 0.11548872602351881 0.6076622900803089 0.1847404617902724 0.7369321939594268
6 0.37831900424312653 0.49195012285142115 0.25726533271723545 0.43325743591942983 0.21615009281972716 0.5180576215205479 0.3372037643456183 0.5767503084525392
6 0.5330796626457254 0.5804943871943815 0.4427946891191709 0.5278281526372248 0.38589702129209846 0.6253670117693491 0.47618199481865287 0.6780332463265057
6 0.35347275767974995 0.4246219072509992 0.2911005309466844 0.3438215203240623 0.24260999282477813 0.3812528118460045 0.30498221955784366 0.4620531987729414
6 0.16177177705692958 0.511085974487839 0.08099830423728917 0.5012952474500996 0.07280825651021954 0.5688631200834642 0.15358172932985997 0.5786538471212036