5 0.37109375000000006 0.314453125 0.06445312500000003 0.314453125 0.06445312500000006 0.60546875 0.3710937500000001 0.60546875
5 0.41015625 0.16992187500000003 0.20703125 0.169921875 0.20703125000000003 0.447265625 0.41015625 0.447265625
5 0.548828125 0.14648437500000006 0.369140625 0.14648437500000006 0.369140625 0.41406250000000006 0.548828125 0.4140625000000001
5 0.44726562500000006 0.37109375 0.345703125 0.37109375 0.34570312500000006 0.578125 0.4472656250000001 0.578125
5 0.66796875 0.38281250000000006 0.396484375 0.3828125 0.39648437500000006 0.609375 0.66796875 0.609375
5 0.69921875 0.3105468750000001 0.55859375 0.3105468750000001 0.55859375 0.4824218750000001 0.69921875 0.4824218750000001
5 0.818359375 0.3730468750000001 0.6640625 0.3730468750000001 0.6640625 0.5625 0.818359375 0.5625
5 0.91015625 0.5136718750000001 0.76171875 0.513671875 0.76171875 0.6542968750000001 0.91015625 0.6542968750000002
5 0.4472656250000001 0.576171875 0.23828125000000006 0.576171875 0.23828125000000008 0.751953125 0.4472656250000001 0.751953125
5 0.513671875 0.720703125 0.3144531250000001 0.720703125 0.3144531250000001 0.869140625 0.513671875 0.869140625
5 0.77734375 0.007812500000000078 0.505859375 0.007812500000000062 0.505859375 0.15429687500000008 0.77734375 0.1542968750000001
5 0.70703125 0.13085937500000008 0.544921875 0.13085937500000006 0.544921875 0.3281250000000001 0.70703125 0.3281250000000001
5 0.908203125 0.11914062500000011 0.802734375 0.11914062500000011 0.802734375 0.2558593750000001 0.908203125 0.2558593750000001
5 0.966796875 0.2031250000000001 0.857421875 0.2031250000000001 0.857421875 0.3574218750000001 0.966796875 0.3574218750000001
5 1 0.09765625000000011 0.91015625 0.09765625000000011 0.91015625 0.2226562500000001 1 0.2226562500000001
5 0.298828125 0.06835937500000003 0.130859375 0.06835937500000003 0.130859375 0.18554687500000003 0.298828125 0.18554687500000006
5 0.4453125 0.04882812500000005 0.29296875 0.04882812500000004 0.29296875 0.17187500000000006 0.4453125 0.17187500000000006
5 0.17578125000000003 0.197265625 0.06250000000000003 0.197265625 0.06250000000000003 0.255859375 0.17578125000000006 0.255859375
5 0.18945312500000003 0.21875 0.09960937500000003 0.21875 0.09960937500000003 0.291015625 0.18945312500000006 0.291015625
5 0.20312500000000006 0.4375 0.019531250000000056 0.4375 0.019531250000000066 0.599609375 0.20312500000000006 0.599609375
5 0.2597656250000001 0.56640625 0.15820312500000006 0.56640625 0.15820312500000008 0.6953125 0.2597656250000001 0.6953125
5 0.09570312500000007 0.56640625 6.936476010795555e-17 0.56640625 7.845393557037732e-17 0.71484375 0.09570312500000008 0.71484375
5 0.916015625 0.3085937500000001 0.7265625 0.3085937500000001 0.7265625 0.4472656250000001 0.916015625 0.4472656250000001