0 0.3829649981779578 0.10278839655186858 0.1422777762001438 0.011255849328703806 0.06083414281782551 0.22541400903529646 0.3015213647956395 0.31694655625846124
0 0.26141457919514793 0.3766849072174315 0.1415649974966215 0.20894283541736536 -0.014038725737074209 0.32011972109765996 0.10581085596145223 0.487861792897726
0 0.7830789442574551 0.14915673791338346 0.6478081464847543 0.021916364549877998 0.5152721908021074 0.1628169606801709 0.6505429885748083 0.2900573340436764
0 1.0102761510981688 0.1461619822732313 0.7980689742495025 0.03637738144336611 0.6811735962697442 0.2623292723299993 0.8933807731184105 0.3721138731598645
0 0.6541920824223733 0.40920058033563267 0.5853727510965558 0.25806211201052354 0.44902734121237897 0.320145577865091 0.5178466725381965 0.4712840461902002
0 0.7994251796924497 0.3573294422516318 0.6328235977926537 0.319088901510474 0.5918529047384994 0.49758486788697937 0.7584544866382954 0.5358254086281372
0 0.9316482112193375 0.9294240444810188 0.9129889433141456 0.6895966229427642 0.6941452443734143 0.706623296463694 0.7128045122786062 0.9464507180019486
0 0.5224578496707669 0.5158844049971423 0.48254586615924094 0.3296106492696802 0.3111549089578116 0.3663337669795982 0.3510668924693376 0.5526075227070603
0 0.3933333339843751 0.468692396484375 0.19629666601562507 0.468692396484375 0.1962966660156251 0.699176267578125 0.3933333339843751 0.699176267578125
0 0.2216033282585341 0.577562507464087 0.04439718972819107 0.5481547719805759 0.01429025042147336 0.7295741968289212 0.1914963889518164 0.7589819323124323
0 0.3893572848853125 0.6791215251523911 0.17891824045068774 0.6664388089982727 0.16437516121596402 0.9077460857757702 0.37481420565058876 0.9204288019298886
0 0.6273819622600478 0.6628627468733961 0.5356817325117994 0.48691301566858725 0.3651136948801484 0.5758084526290661 0.4568139246283968 0.7517581838338749