0 0.99609375 0.3476562500000001 0.75 0.3476562500000001 0.75 0.6718750000000001 0.99609375 0.6718750000000002
0 0.9492187500000001 0.6113281250000001 0.677734375 0.611328125 0.6777343750000001 0.9277343750000001 0.9492187500000002 0.9277343750000002
0 0.76171875 0.003906250000000078 0.505859375 0.0039062500000000625 0.505859375 0.4140625000000001 0.76171875 0.4140625000000001
0 0.73828125 0.3750000000000001 0.572265625 0.3750000000000001 0.572265625 0.599609375 0.73828125 0.599609375
0 0.57421875 0.41406250000000006 0.353515625 0.4140625 0.35351562500000006 0.75390625 0.57421875 0.75390625
0 0.6757812500000001 0.59375 0.505859375 0.59375 0.5058593750000001 0.9296875 0.6757812500000002 0.9296875
0 0.5136718750000001 0.619140625 0.3261718750000001 0.619140625 0.3261718750000001 0.962890625 0.5136718750000002 0.962890625
0 0.3300781250000001 0.583984375 0.09765625000000008 0.583984375 0.0976562500000001 0.955078125 0.3300781250000001 0.955078125
0 0.37500000000000006 0.05468750000000003 0.083984375 0.054687500000000014 0.08398437500000003 0.466796875 0.3750000000000001 0.466796875
0 0.517578125 0.007812500000000052 0.345703125 0.007812500000000042 0.345703125 0.24609375000000006 0.517578125 0.24609375000000006
0 0.529296875 0.23437500000000006 0.361328125 0.23437500000000006 0.36132812500000006 0.47656250000000006 0.529296875 0.4765625000000001
0 0.36523437500000006 0.361328125 0.22070312500000006 0.361328125 0.22070312500000006 0.640625 0.3652343750000001 0.640625
0 0.23437500000000006 0.37890625 0.05273437500000004 0.37890625 0.05273437500000006 0.6796875 0.23437500000000006 0.6796875