7 0.5116769990424138 0.44317508657543486 0.4721969843750001 0.44228678515625003 0.4711423642388362 0.48915873373706514 0.51062237890625 0.49004703515625
7 0.5527567610020492 0.4339509225187663 0.5072035839843752 0.41370506445312505 0.4935437893764947 0.4444395998716977 0.5390969663941688 0.46468545793733895
7 0.5470053517349518 0.4530068473818781 0.5068910527343751 0.4506316582031251 0.5039877986556733 0.49966438503999716 0.5441020976562501 0.5020395742187501
7 0.5737142860378014 0.4991675220422076 0.559912888671875 0.4343228613281249 0.5334612315403235 0.4399527748327922 0.5472626289062499 0.5047974355468748
7 0.581312611974057 0.4114018519078464 0.5483374609375 0.40742716796875 0.5431033548228181 0.45085085707652867 0.5760785058593751 0.45482554101562506
7 0.5740490619471341 0.36649893925612625 0.5058160585937501 0.3611076875000001 0.5023370903844984 0.4051383616784875 0.5705700937378824 0.41052961343461364
7 0.5708098375589398 0.28996994200517423 0.5327438515624999 0.27132067773437507 0.49464643001918523 0.34908331190107583 0.532712416015625 0.36773257617187505
7 0.5331797858324097 0.38772274728498396 0.5202734374999999 0.318888888671875 0.47775771416759016 0.3268605866993911 0.4906640624999999 0.3956944453125001
7 0.49508827486476925 0.39411325401038344 0.482052634765625 0.344983376953125 0.45892410599460554 0.3511200741146167 0.47195974609374985 0.4002499511718751
7 0.4975835101834481 0.33661957387226277 0.4737575565495796 0.31033084169641867 0.43028466745988153 0.349731107667906 0.45411062109375006 0.3760198398437501
7 0.4864885982616965 0.4669275572059953 0.48158593750000006 0.405916666015625 0.441277026582363 0.4091557748377857 0.44617968734405944 0.47016666602815604
7 0.4826135397128198 0.4077343854153997 0.47625530078125 0.3693465175781249 0.43288555989655514 0.3765299114596002 0.4392437988281249 0.41491777929687496
7 0.4682039881151956 0.48844992720221153 0.466219673828125 0.43810046875 0.4236802521191794 0.43977698295403855 0.42566456640625 0.49012644140625006
7 0.5412342093721928 0.5951094253648611 0.524115591796875 0.5502837363281251 0.4610249859403072 0.5743775980726389 0.478143603515625 0.6192032871093749
7 0.5837647692698751 0.6949298614032731 0.54641819140625 0.5933862265624998 0.49659913893325 0.6117090995342268 0.533945716796875 0.713252734375
7 0.5856177978302968 0.601312297702062 0.5509005468750001 0.523665111328125 0.5095396790576051 0.5421581913069681 0.5442569300129019 0.619805377680905
7 0.574185647878713 0.5031777113965885 0.528424140625 0.4925663457031251 0.5195476524727483 0.5308461947537505 0.5653091597264612 0.5414575604472139
7 0.5898604833142382 0.5200779662035613 0.589669423828125 0.4850926796875 0.5585227491076368 0.48526277598393874 0.55871380859375 0.5202480625
7 0.6194396920210754 0.47917176837702835 0.574816306640625 0.44183978515625016 0.5534356605333253 0.46739633824068544 0.5980590459137757 0.5047283214614636
7 0.6010239707224492 0.4584486373640976 0.5875041660156252 0.399161787109375 0.5677341157349727 0.4036701598377309 0.5812539204417967 0.4629570100924535
7 0.61640625 0.3993055546875001 0.591015625 0.3993055546875001 0.591015625 0.4385416660156251 0.61640625 0.4385416660156251
7 0.6049893157707067 0.3824667077119749 0.5706230781250001 0.37691256835937503 0.5661684693855435 0.4044754602567754 0.6005347070312501 0.4100295996093752
7 0.4443086840038018 0.4387078648540041 0.427006541015625 0.39669214257812496 0.3532551343555732 0.427063092177246 0.37055727734375 0.4690788144531251
7 0.42891650762154354 0.4974303814546626 0.42810041402888094 0.4492299120768754 0.3774020450792124 0.45008829820033786 0.378218138671875 0.49828876757812507
7 0.433092752674974 0.5216777466157272 0.41813765234375 0.48220490625000006 0.36183554810627605 0.503536120571773 0.3767906484375 0.5430089609375001
7 0.41024674147297746 0.5847047571191354 0.40837251171875 0.534725294921875 0.36931285618327253 0.5361900319433646 0.3711870859375 0.5861694941406249
7 0.3874725461107509 0.46903728272186285 0.322300091796875 0.4662173203125 0.3188165163892491 0.5467266059500121 0.383988970703125 0.549546568359375
7 0.48928888292446676 0.31730661930664633 0.42996414843749997 0.23192922265625004 0.38260805652865815 0.2648347420214789 0.44193279101562494 0.3502121386718752
7 0.49620528117109913 0.27889258259579963 0.4600575039062499 0.22056181054687501 0.4310397227351507 0.23854422795107547 0.46718749999999987 0.2968750000000001
7 0.5480261399188386 0.2563072037717859 0.545101265625 0.19060092382812505 0.48670472726866143 0.1932004095094642 0.48962960156249996 0.25890668945312506
7 0.602788489553681 0.282611989425981 0.560260728515625 0.20870606445312506 0.5360523195259154 0.2226363336839617 0.5785800805639714 0.2965422586568176
7 0.47686118020331464 0.5141694759379672 0.4595075703125 0.47707613671875004 0.4041317768279354 0.5029829420307828 0.42148538671875 0.54007628125
7 0.358596354083926 0.5365416657527011 0.3429296875000001 0.5247916660156251 0.3075130209160741 0.572013888934799 0.32317968750000003 0.5837638886718751
7 0.5350924574651305 0.4320932306479027 0.49289132421875004 0.368048146484375 0.46051079222880864 0.38938460287198934 0.5027119254751891 0.4534296870355171
7 0.5251700008262536 0.5062619610682206 0.509491744140625 0.47308565234375005 0.45969962417374644 0.49661610729115435 0.47537788085937493 0.529792416015625
7 0.5398833824875163 0.50463453676894 0.48761237884527436 0.5030010683574695 0.4857392131546332 0.5629423870572795 0.5380102167968751 0.56457585546875
7 0.49693894796895643 0.5168206076388177 0.45044983984375 0.50050914453125 0.4198376106247935 0.5877566970486824 0.46632671875 0.6040681601562501
7 0.42167303354816954 0.3394274680499825 0.3814903847656251 0.3243589746093751 0.3480385055143306 0.41356398507501757 0.38822115429687504 0.428632478515625
7 0.3883076484633571 0.3376157340513012 0.3709321658441165 0.3233514025526658 0.3253087087870095 0.3789256567826147 0.3426841914062501 0.39318998828125007
7 0.38035403631961084 0.38117039811924786 0.3650546015625 0.36567971874999994 0.33316754571163915 0.3971731038338771 0.34846698046874997 0.412663783203125
7 0.5747671535376842 0.3022011767229361 0.5702124159267645 0.28133885701486205 0.5441030670765804 0.2870391451356759 0.5486578046875 0.30790146484375
7 0.5730215702830188 0.3310377358343161 0.5408203125 0.32500000000000007 0.5318221797169811 0.37299004150943393 0.5640234375 0.37902777734375004
7 0.5949157787575621 0.35307204053923835 0.565244591796875 0.29411752148437503 0.5416719606924939 0.3059813778242514 0.571343147653181 0.36493589687911465
7 0.6550275583400189 0.39480972495568295 0.6010701230468749 0.34684756054687504 0.5746908127537308 0.3765242848099422 0.6286482480468748 0.4244864492187501
7 0.6306318064296659 0.48186624835940034 0.6080868398437498 0.42721178515624997 0.5853646252109588 0.43658469890622453 0.6079095917968748 0.4912391621093749
7 0.596484375 0.5194444453125 0.565625 0.5194444453125 0.565625 0.551041666015625 0.596484375 0.551041666015625
7 0.6006884661026286 0.5460516510791085 0.5694809375000001 0.5409316660156251 0.5622215338973716 0.5851794602490168 0.5934290625000002 0.5902994453125001
7 0.5925348738815439 0.6438409211881637 0.58111202734375 0.5761499746093751 0.5416878175787845 0.5828028096010505 0.5531106641165783 0.6504937561798391
7 0.59205819401987 0.6816959038723756 0.582069705078125 0.6142181210937498 0.55692172785513 0.6179406840182493 0.566910216796875 0.685418466796875
7 0.40938855487876147 0.28005883990129926 0.4026198203125 0.26428526953125 0.36582870293373854 0.28007302728620076 0.3725974375 0.29584659765625004
7 0.45336674796875004 0.34465294000000013 0.38879383203125 0.25855571875000005 0.34362716609375 0.2924307182031251 0.40820008203125 0.3785279394531252
7 0.4436213596736518 0.3621339761202984 0.40077653125000007 0.3585635722656251 0.39584592157634835 0.4177308637234518 0.43869075000000013 0.42130126757812514
7 0.3892528015814991 0.39449220849235545 0.3489679550781251 0.38202908398437513 0.32182602849662606 0.46976056299201985 0.36211087500000005 0.4822236875000001
7 0.3508053024941543 0.44776089875043257 0.32980984406916525 0.4384816574809733 0.312541328684386 0.4775538602930408 0.33353678710937507 0.48683310156250004
7 0.33654767318811435 0.48895922523123586 0.32028590039062493 0.4553431601562499 0.3066372311087605 0.4619457044562641 0.3228990039062499 0.49556176953125003
7 0.3636054225578407 0.5799057649964567 0.35853162499999996 0.541451720703125 0.3396482141609093 0.5439432818785432 0.34472201171875 0.582397326171875
7 0.37341346710456813 0.5376007663439959 0.35396999609375007 0.5360157011718751 0.350621462582932 0.5770910559216292 0.37006493359375003 0.57867612109375
7 0.3717333691406251 0.578509251953125 0.3302752558593751 0.578509251953125 0.3302752558593751 0.61721378515625 0.3717333691406251 0.61721378515625
7 0.5745498953182742 0.2972370191444199 0.549548201171875 0.23187311523437498 0.5185216183536008 0.24374078358995502 0.5435233125 0.3091046875
7 0.5014300547633946 0.2790042182123709 0.49721115624999995 0.1895780078125 0.45797267765848026 0.19142917827200404 0.462191576171875 0.28085538867187493
7 0.4013682247227238 0.31004404676903236 0.348999998046875 0.291424234375 0.3346513744893474 0.33177974145775974 0.38701960116519624 0.3503995538517921
7 0.368445779544161 0.32746451643111885 0.34602470610442065 0.3112832708154841 0.31742452226338463 0.35091228563436533 0.339845595703125 0.36709353125000005
7 0.6171185423706913 0.3831414930019986 0.6078547246093751 0.304913701171875 0.5551889927855589 0.3111504327792513 0.5644528105468751 0.389378224609375
7 0.6082975281040564 0.30085508716414094 0.5705682382812501 0.268399783203125 0.5556358918178188 0.2857586354921091 0.5933651816406251 0.31821393945312504
7 0.6296468024321897 0.3570013530510408 0.607453078125 0.3027500214843751 0.5916167229584353 0.3092285297614592 0.613810447265625 0.36347986132812493
7 0.5930186849459969 0.3148195748690364 0.5738283730468748 0.29045092968749997 0.5612483255672367 0.3003577190490577 0.5804386374663586 0.3247263642305941
7 0.6156841872807562 0.5483517927393134 0.6072868671875 0.491125623046875 0.5875714240473686 0.49401865062006156 0.5959687441406248 0.5512448203125
7 0.6252958539604514 0.48457657737843973 0.6023590683593751 0.4771626679687503 0.5966188315864239 0.49492152809031076 0.6195556171875001 0.5023354375000002
7 0.6264914476760601 0.5720997730944963 0.5890610274275774 0.564173331635399 0.5686617340483923 0.6605033339315276 0.606092154296875 0.668429775390625
7 0.6133916605069887 0.5969639910718646 0.6096896835937501 0.548701193359375 0.5930384742586365 0.5499784171312605 0.5967404511718751 0.5982412148437501
7 0.4578829160374776 0.3820100205504534 0.434793197265625 0.34528251171875 0.41731756801073705 0.3562690277578725 0.44040728678258967 0.3929965365895759
7 0.3533721329284125 0.4012700991862946 0.343184984375 0.395539828125 0.3209589315247125 0.4350528109699555 0.331146080078125 0.4407830820312501