7 0.5778333079810289 0.3473102850157373 0.5339478417968752 0.25342349218750004 0.48117838537834623 0.2780894981873879 0.5250638515625 0.3719762910156251
7 0.5386373669967542 0.5955408476369681 0.522457732421875 0.49597386718750003 0.48327537683465316 0.5023410000695299 0.4994550114095324 0.601907980518998
7 0.53940799444485 0.5156499619753102 0.5371403554687502 0.44711685742187507 0.4911429215707752 0.44863883099343993 0.493410560546875 0.5171719355468751
7 0.5831703854913203 0.4686697175064835 0.5375609765625 0.4312466132812501 0.5170239758368046 0.4562760832747666 0.5626333847656249 0.4936991875
7 0.55 0.4250000000000001 0.5314453125 0.4250000000000001 0.5314453125 0.4434027773437501 0.55 0.4434027773437501
7 0.4730874328077319 0.6111226080597679 0.44021826273291853 0.5675416120362944 0.3654105603939366 0.6239622383515265 0.39827973046875 0.6675432343750001
7 0.43199736453350823 0.536395045568594 0.37478217382812506 0.5126994687500002 0.32525752413836684 0.6322813763064061 0.38247271484375 0.6559769531250002
7 0.45323991369312666 0.5433946605115089 0.41160909375 0.4534436250000001 0.3606886702912483 0.47701043519161634 0.40231949023437497 0.5669614707031251
7 0.4408798948939932 0.5834039257696381 0.43472402343750005 0.53306257421875 0.40202680627788184 0.5370608750116119 0.408182677734375 0.5874022265624999
7 0.4696152749669667 0.5456196123041029 0.4284583691406251 0.54476217578125 0.42739243011115846 0.595927190430272 0.4685493359375001 0.596784626953125
7 0.49755433314956365 0.5169687426525945 0.46135625 0.5132666660156251 0.4555112918504364 0.5704173686755307 0.491709375 0.5741194453125001
7 0.46835937500000013 0.510416666015625 0.4324218750000001 0.510416666015625 0.4324218750000001 0.542013888671875 0.46835937500000013 0.542013888671875
7 0.5051430528029699 0.5269688531747886 0.4698717656249999 0.4442716054687501 0.4231473983689048 0.4642000628408367 0.45841868554687487 0.5468973105468752
7 0.4707153564487371 0.45503130318299717 0.4454411523437499 0.43336769921874996 0.4062401669887629 0.47910218119200293 0.43151437109375007 0.5007657851562501
7 0.5072566709218221 0.4302350757436027 0.44695121875 0.3977472910156249 0.42633773532817787 0.4360110707407721 0.4866431875 0.4684988554687499
7 0.5468210470920577 0.35095126228092194 0.51583646484375 0.3350163339843751 0.4842077595485673 0.3965165931878282 0.515192341796875 0.4124515214843751
7 0.4476926600553271 0.38460835565367296 0.44669773437500004 0.33479988867187505 0.39095530088217295 0.33591334551820207 0.3919502265625 0.3857218125
7 0.44013543282075773 0.2520308189748146 0.37941850976584496 0.25138641794802347 0.3787339773357123 0.315884612645084 0.43945090039062507 0.31652901367187514
7 0.49498469037999815 0.28827581153310666 0.48191933007812504 0.26820666406250004 0.43958100883875184 0.29576963963876834 0.452646369140625 0.3158387871093751
7 0.4980118306253907 0.35210540257505907 0.495554818359375 0.291438427734375 0.45379830999960924 0.293129566174941 0.45625532226562493 0.3537965410156251
7 0.5000948694529422 0.404018460630006 0.48695012499999996 0.331163923828125 0.43614953289080766 0.3403295960106191 0.44929427734374994 0.4131841328125
7 0.5921439908958908 0.3886951909531552 0.581752896484375 0.3105399453125 0.5324469173072341 0.31709539889059474 0.54283801171875 0.3952506445312499
7 0.580494823949841 0.5417668131879472 0.5646726035156249 0.45857859765625003 0.5147068557376588 0.46808197587455297 0.5305290761718748 0.5512701914062501
7 0.4364604241830714 0.41280262005452484 0.3943978983461481 0.4108309394488429 0.3921454487724517 0.4588832041599431 0.43420797460937505 0.46085488476562503
7 0.398046875 0.383333333984375 0.365625 0.383333333984375 0.365625 0.41840277734375 0.398046875 0.41840277734375
7 0.422265625 0.385416666015625 0.39453125 0.385416666015625 0.39453125 0.4163194453125 0.422265625 0.4163194453125
7 0.40608618044769523 0.3771859531650673 0.39781795898437494 0.350101447265625 0.3591749465054297 0.36189819136618273 0.36744316796875 0.38898269726562507
7 0.41649613676193303 0.35172499085133513 0.407570998046875 0.30268179492187497 0.3732859746288032 0.3089211637895855 0.3822111133438612 0.35796435971904567
7 0.6041573715020169 0.49761876780400716 0.5724767734375001 0.49704391796875014 0.5716600171698584 0.542056241961618 0.6033406152343751 0.542631091796875
7 0.6313707245802926 0.5832738429359311 0.5994366328125 0.5321092070312499 0.5788420664353323 0.5449631785484438 0.6107761582031249 0.596127814453125
7 0.5742403840527955 0.5599810837942699 0.5404382491189338 0.5445890406144253 0.5081574119411384 0.6154802927576555 0.5419595468750001 0.6308723359375001
7 0.35655029317994347 0.5592317065180584 0.32552618750000006 0.558889529296875 0.32474834744505665 0.6294137798100665 0.35577245312500005 0.62975595703125
7 0.37582132793128187 0.5112284328552423 0.35868233984375003 0.50460046484375 0.33761482441246826 0.5590780808166328 0.35475381250000004 0.5657060488281251
7 0.41194377531731213 0.5005392992727857 0.39529175135052375 0.45231781466121745 0.3291806205644616 0.4751475583571816 0.34583264453125 0.5233690429687499
7 0.40895633872710635 0.4470046373410785 0.3970036145613038 0.41709706862837154 0.35199065864669743 0.435086743787293 0.36394338281250005 0.46499431249999995
7 0.38946238558766993 0.4108554071999362 0.3763847734375 0.4006866015625001 0.3501844249592051 0.434381610378189 0.36326203710937505 0.4445504160156251
7 0.5039013945261627 0.28670482238404826 0.4848247988281249 0.24483450000000004 0.42213660938008724 0.2733959530065769 0.441213205078125 0.3152662753906251
7 0.46166724551979926 0.24623075045267384 0.442292998046875 0.23472729101562506 0.42046950252707577 0.2714826518910763 0.43984375000000003 0.28298611132812507
7 0.5114039874842894 0.29795228150495406 0.49070841015625 0.29579649218750004 0.48319357696883564 0.36793889037004596 0.5038891542968751 0.37009467968750004
7 0.5910389493318745 0.38900231729364176 0.5540993625680286 0.372973175471763 0.5253227198767791 0.4392897195062463 0.562262306640625 0.45531886132812505
7 0.5896416623391545 0.5342430986902574 0.541956837890625 0.522321892578125 0.5337320114889705 0.5552211981847428 0.5814168359375 0.5671424042968751
7 0.3343030168632076 0.5118422433962264 0.31707031250000006 0.5086111113281251 0.30745479563679257 0.5598938679318987 0.32468750000000013 0.5631250000000001
7 0.34669134839774696 0.5484661976848472 0.33047592187499997 0.541460076171875 0.31040734496162814 0.5879081050495281 0.32662277148437513 0.5949142265625001
7 0.3765957948243667 0.4314248859941455 0.36115667187499995 0.40458186523437495 0.31465016806625823 0.4313307038496044 0.330089291015625 0.458173724609375
7 0.37462281203801817 0.4428085360274112 0.35731647892583784 0.433884958188811 0.3266360321221947 0.4933864319270248 0.34394236523437505 0.502310009765625
7 0.35342626486568685 0.43827869619322846 0.3390591718750001 0.43361995507812506 0.31976150466556325 0.4931320362286466 0.33412859765625 0.49779077734375
7 0.3313264883905569 0.5809811525815667 0.3191881852641706 0.5787581499811563 0.3117007105454888 0.6196421497433396 0.3238390136718751 0.6218651523437501
7 0.3809177790849947 0.32777890101041024 0.3639782813040784 0.324920361007661 0.3509109905003338 0.40235616507537575 0.3678504882812501 0.40521470507812507
7 0.5374829934948964 0.41211449567173325 0.486630921875 0.40888579296875005 0.48402427212226184 0.44994052984240185 0.5348763437421582 0.45316923254538505
7 0.5014617979705706 0.3901679739753686 0.46744237109375003 0.38622369335937506 0.4639371903106795 0.4164558834465066 0.49795661718750006 0.42040016406250014
7 0.47005944681643147 0.37922053804607364 0.438947501953125 0.36258428906250006 0.40525871333981855 0.42558669632892654 0.43637065820312504 0.4422229453125001
7 0.504296875 0.5694444453125 0.4597656250000001 0.5694444453125 0.4597656250000001 0.6086805546875 0.504296875 0.6086805546875
7 0.6059787284773889 0.44463441329738407 0.577103734375 0.3808566484375001 0.5608474785538611 0.38821656912449115 0.58972247265625 0.4519943339843751
7 0.6065180471886328 0.44545571454812777 0.5663981953125001 0.41802333984375006 0.5512904254676173 0.4401184553737474 0.59141027734375 0.4675508300781251
7 0.5914612703154604 0.5642784495903509 0.56256542171137 0.5618403632674438 0.5584890654584098 0.610152751567718 0.5873849140625002 0.6125908378906251
7 0.6232995902721579 0.4880654155116673 0.570992189453125 0.44430497460937507 0.5478236558215923 0.47199861183208286 0.6001310566406252 0.5157590527343752
7 0.38542723016560543 0.3094209428385909 0.37624573437500003 0.30812979492187503 0.36867837139689463 0.36194215091140924 0.3778598671875001 0.3632332988281251
7 0.35624933530811115 0.5563110600425742 0.3501142246093751 0.5126836171875 0.3239333248481389 0.5163653071449258 0.330068435546875 0.55999275
7 0.3540556746752527 0.5024481719760862 0.3372681308593751 0.49221826171875005 0.31807325501224737 0.5237175428676639 0.3348607988281249 0.533947453125
7 0.44152704697032896 0.3466622939435381 0.439369546875 0.30399174609375 0.40198370302967107 0.3058820419939619 0.404141203125 0.34855258984375