5 0.566796875 0.5256944453125 0.4894531250000001 0.5256944453125 0.4894531250000001 0.59965277734375 0.566796875 0.59965277734375
5 0.47841511990006197 0.5988367938106279 0.476996791015625 0.53832141796875 0.4366869034916868 0.5392661807998195 0.4381052323761238 0.5997815566416974
5 0.5102730931211363 0.47333769392645564 0.461047205078125 0.4563997539062501 0.45115024065647774 0.485162806674444 0.500376128699489 0.5021007466946495
5 0.4775197051441443 0.5088840024755193 0.4675538705674168 0.47481809976335176 0.4247514037045224 0.4873397789284574 0.4347172382812499 0.521405681640625
5 0.5689175144651833 0.4970444921740435 0.51595231640625 0.4891977968750001 0.5095051691285666 0.5327160449353318 0.5624703671875 0.5405627402343752
5 0.6277224888330939 0.5317491952556879 0.564057736328125 0.51917344140625 0.554537419370031 0.5673700449786871 0.6182021718749999 0.579945798828125
5 0.618301324042861 0.5652236351317077 0.5683045039062501 0.5588319960937501 0.5598900978321392 0.6246513492432927 0.60988691796875 0.6310429882812502
5 0.5730944058863046 0.6136606301499831 0.564016654296875 0.5857265175781251 0.5145017855199454 0.6018173698500172 0.523579537109375 0.6297514824218752
5 0.4456101470189134 0.6233384732378752 0.43224033984375 0.534206431640625 0.38364620649671155 0.5414955521527498 0.39701601367187495 0.63062759375
5 0.4528887764149735 0.34677239067654964 0.445210771484375 0.27335146093749996 0.3419737685069015 0.2841474862765754 0.3496517734375 0.357568416015625
5 0.6013368365426617 0.33885749938042486 0.557860814453125 0.32819671289062513 0.5500565579885883 0.36002344788520035 0.593532580078125 0.3706842343750001
5 0.6231717604591571 0.38514977128366357 0.5942007500000002 0.3392900292968749 0.5776248254783429 0.3497615509819614 0.6065958359375 0.39562129296875004
5 0.43005228096312054 0.3652431308916452 0.39690834570312505 0.35261687109375006 0.38758491434937953 0.37709088082710507 0.42072884960937507 0.3897171406250001
5 0.4581428518895324 0.3505615268245452 0.4297265625000001 0.3425694453125001 0.4137712106104677 0.39929958450358 0.4421875 0.40729166601562505
5 0.5049231743584567 0.346886879573747 0.4671297421874999 0.270740111328125 0.43182295454779324 0.288263700504378 0.46961638671874995 0.36441046875
5 0.5284299071385244 0.29767173573895545 0.52446231640625 0.205976306640625 0.4617791923864982 0.2086885572334444 0.4657467831187727 0.3003839863317749
5 0.47036850889648213 0.28827594623525615 0.46212275000000014 0.23302232031250003 0.42115067274414303 0.23913677642099393 0.429396431640625 0.29439040234375
5 0.6430296041316339 0.5497609630305655 0.6130859375 0.49652777734375 0.592907895868366 0.5078779256413095 0.6228515625 0.5611111113281251
5 0.6209725222979712 0.5033165695148523 0.597707435546875 0.45678639843750013 0.5827074347332788 0.4642863992351479 0.605972521484375 0.5108165703125
5 0.6427121193913342 0.4466202832341628 0.6158203125 0.43888888867187503 0.600365374749291 0.49264519332833734 0.6272571816406252 0.5003765878906251
5 0.588637845654511 0.47586435429358565 0.585017865234375 0.42200922070312497 0.5444239551267389 0.4247378214876643 0.5480439355468749 0.478592955078125
5 0.40498054820692597 0.5188799661661746 0.36259615429687503 0.50525641015625 0.3347189713243242 0.5919854185994506 0.37710336523437515 0.6056089746093751
5 0.5850709787089031 0.3329557659874808 0.545022431640625 0.2510115703125 0.5038821091817219 0.2711180601843942 0.54393065625 0.353062255859375
5 0.6207570631300262 0.3415914185651299 0.6127919042968749 0.26344763085937506 0.5580388296652161 0.26902858551807063 0.5660039884983674 0.3471723732238255
5 0.5812973378687368 0.4173258760178713 0.54338701953125 0.38509294921875004 0.5284869179906381 0.4026175009352537 0.5663972363281249 0.434850427734375
5 0.35331563590562537 0.4149420611388871 0.33901021875 0.325182583984375 0.305924818868931 0.33045556976886914 0.3202302360245564 0.42021504692338124
5 0.3843111289390412 0.3397133040790558 0.3679831328125 0.32220152734375007 0.3282789706703338 0.35922172326469437 0.34460696679687497 0.3767335000000001
5 0.40780095729566174 0.36343885499501016 0.3857251328125 0.33211672070312503 0.3307455524699632 0.3708663012549898 0.352821376953125 0.402188435546875
5 0.4140357355126574 0.3740882201919922 0.3902128691406251 0.3578667285156251 0.3487548191748428 0.418751979026758 0.3725776855468751 0.4349734707031251
5 0.368526455480027 0.40242683796916323 0.3404812551963499 0.39144714231855077 0.311417272372573 0.4656846480993876 0.33946247265625007 0.47666434375000005
5 0.3873476570249442 0.44064316227148626 0.367819169921875 0.4168428183593751 0.3226666339906808 0.4538910525722638 0.34219512109375 0.477691396484375
5 0.41032302896023404 0.4241397390460172 0.3890086462568636 0.4069273201287733 0.3448920020622546 0.46155758694213134 0.36620638476562506 0.4787700058593751
5 0.37427015634659583 0.4904372486338392 0.34582844140624996 0.47870504101562505 0.31810362490340416 0.5459167162099109 0.34654533984375 0.557648923828125
5 0.3477178129655653 0.4898743773273036 0.33419113048040217 0.4826769030559784 0.30672347376483694 0.5342986604942999 0.3202501562500001 0.5414961347656251
5 0.38824991035796835 0.5767318161173266 0.360878708984375 0.5541872324218751 0.3103181677670317 0.6155723870076735 0.3376893691406251 0.6381169707031251
5 0.3736612376570584 0.6268152890099549 0.343416935546875 0.624108767578125 0.3382987740616916 0.6813021895056702 0.368543076171875 0.6840087109375002
5 0.3870138549420589 0.6117695092080876 0.364961603515625 0.5893413671875001 0.31280868216731605 0.6406202173544123 0.33486093359374997 0.6630483593749998
5 0.45595990827859095 0.17702672034980668 0.411400193359375 0.1621147265625001 0.375669945237034 0.2688831234001935 0.42022966015624996 0.28379511718750006
5 0.4814059493529045 0.23383759863776 0.47145680078124996 0.20553582421874994 0.4171371092408455 0.22463125878411494 0.4270862578125 0.252933033203125
5 0.47143579402013613 0.4299008808429764 0.46714808984375 0.4007980859375 0.42628549308923885 0.40681835743827366 0.43057319726562504 0.43592115234375006
5 0.555445385484003 0.47112726521944015 0.5526013164062501 0.402364 0.508159862562872 0.40420211173368487 0.511003931640625 0.472965376953125
5 0.5383003613119096 0.4721053303088065 0.5132142698213931 0.46162691922725074 0.48871957452510845 0.5202690322778192 0.5138056660156249 0.530747443359375
5 0.5214610543465724 0.5553307900662752 0.49128766796875 0.4768309218749999 0.4505187776846775 0.49250146383997473 0.4806921640625 0.57100133203125
5 0.4600236894299509 0.5478694032983629 0.45292556250000005 0.4946238476562501 0.4165286386950492 0.49947589552976235 0.42362676562500007 0.5527214511718751
5 0.44270659461000056 0.38307231848009676 0.39471166992187506 0.37343048046875005 0.3797276866399995 0.44801741589490335 0.427722611328125 0.45765925390625006
5 0.48388930259880125 0.3538053685408517 0.44866962695312496 0.35215444726562506 0.4465784649793237 0.3967659302872734 0.481798140625 0.39841685156250006
5 0.5400799875520815 0.39889228330293586 0.5308871972656252 0.30225695898437493 0.4667506315885436 0.30835818544706406 0.47594342187499994 0.404993509765625
5 0.4920271344657576 0.40865542144171435 0.4512612832031249 0.3796663710937502 0.4355851409248673 0.401710945745786 0.47635099218749993 0.43069999609375015
5 0.51275934084099 0.4223194321053835 0.5124669238278314 0.3984691738041823 0.4780115907993414 0.3988916147456738 0.4783040078125 0.422741873046875
5 0.5515202655104084 0.40115954744491333 0.50067333203125 0.36646265234375003 0.4823287696458414 0.39334588614883675 0.5331757031249998 0.42804278125000006
5 0.4666581889020357 0.3210237481603345 0.4147696875 0.307186814453125 0.4035895474260892 0.34911233973029054 0.4554780488281249 0.36294927343750005
5 0.3985393372002433 0.26887561386036607 0.37721469531249996 0.2484056953125 0.33104695186225663 0.2965011771552589 0.35237159375 0.316971095703125
5 0.4239656995737358 0.26891593978699646 0.40873817382812494 0.245360865234375 0.3701945308950141 0.2702779723223786 0.385422056640625 0.293833046875
5 0.3596545260409924 0.3050549043456327 0.3421419492187501 0.30204956835937513 0.33452863606838273 0.3464135702637424 0.35204121289062507 0.34941890625000005
5 0.33789051584813207 0.40993906971033045 0.3255660214843751 0.4057795527343751 0.3074917790737431 0.45933286193029477 0.3198162734375001 0.46349237890625006
5 0.33502062915257674 0.45496473534027754 0.32139815625 0.4484681484375 0.30139696069117333 0.4904079775503475 0.31501943359375006 0.49690456445312503
5 0.35434157735318855 0.48231213400027134 0.33764870507812494 0.459776755859375 0.30087835233431137 0.4870140534997287 0.317571224609375 0.509549431640625
5 0.37112674694519077 0.47609021583465555 0.35429254296875007 0.4593797929687501 0.32628139172668436 0.4875984345559697 0.34311559570312505 0.5043088574218751
5 0.4237348759521784 0.4928966043458829 0.380984119140625 0.490408951171875 0.3774955263915717 0.5503610304197422 0.42024628320312507 0.55284868359375
5 0.35443970460188623 0.5676358728931276 0.3384491191406249 0.539208162109375 0.322458532195684 0.5482028662226922 0.3384491176569453 0.5766305770064447
5 0.33312239068614624 0.5386560297306252 0.3150330253906251 0.536358388671875 0.31147086322010387 0.5644033491756248 0.32956022851562505 0.5667009902343751
5 0.33389661807139853 0.5885931410381322 0.32116637109375007 0.5874763242187502 0.3172463213817266 0.632159749586868 0.32997656835937506 0.6332765664062501
5 0.33300874128976865 0.6595811860932479 0.32836604101562494 0.5867986679687501 0.31134423722585625 0.5878844662505023 0.31598693749999995 0.660666984375
5 0.40328288362216375 0.5919767379838187 0.3863499257812501 0.5771603984375001 0.3580008097372114 0.6095593850630565 0.374933767578125 0.6243757246093751
5 0.43301668114523667 0.4369557723230763 0.37962059375 0.4288975214843751 0.3682148969797634 0.5044746651769237 0.42161098437500005 0.512532916015625
5 0.48805762855121637 0.46532105804807483 0.4704206633922059 0.42093856276636527 0.40589722038786447 0.4465792508120405 0.42353418554687494 0.49096174609375004
5 0.5240450354001398 0.47787101333480553 0.52087378125 0.41498799999999997 0.46812341967798504 0.41764825424331947 0.47129467382812495 0.48053126757812503
5 0.6043903654090907 0.4320001243590751 0.593710052734375 0.34914680859375 0.5410911658409094 0.35592971353154984 0.5517714785156251 0.43878302929687496
5 0.5610865443339927 0.35080036518968516 0.540325025390625 0.34351584765625 0.5226219869160071 0.39397107231031486 0.5433835058593749 0.40125558984375004
5 0.6144900316121977 0.4259673849811794 0.6099558671874998 0.37760294921875 0.5953040523721771 0.37897655642507044 0.599838216796875 0.4273409921874999
5 0.6370681116372887 0.4232945212247156 0.612809671875 0.365793037109375 0.5926345031926984 0.3743044368011102 0.616892942954987 0.4318059209164508
5 0.6064118968963172 0.5329832801702905 0.60231709765625 0.46263576171875 0.5453575699071531 0.4659512707242633 0.5494523691472204 0.5362987891758038
5 0.6339749525645537 0.4506499135128962 0.583812287109375 0.406372380859375 0.5611090200916964 0.4320932446902289 0.611271685546875 0.4763707773437501
5 0.6695305703971005 0.6385350505609618 0.644815392578125 0.539458951171875 0.6189351035454445 0.5459149577102151 0.6436502813644199 0.6449910570993019
5 0.637890625 0.6194444453125 0.60546875 0.6194444453125 0.60546875 0.660763888671875 0.637890625 0.660763888671875
5 0.6406581351504267 0.6284923864142027 0.6261704609375001 0.558951548828125 0.6014200446183181 0.5641078854601473 0.6159077188312448 0.6336487230462251
5 0.6519381237312232 0.5373599988877227 0.6454193457031249 0.476518052734375 0.6208318077246798 0.47915243102883226 0.6273505857527781 0.53999437718218
5 0.652648568158954 0.4811719062167831 0.6314453125 0.4631944453125001 0.6230608236023287 0.47308340919975467 0.6442640792612827 0.49106087010403765
5 0.6497312007971804 0.5298457261070038 0.6322265625000001 0.5291666660156251 0.6310766292809447 0.5588093520179965 0.648581267578125 0.5594884121093752
5 0.4992254337621504 0.5440855846792667 0.48599749023437505 0.5407982519531251 0.4742125447534747 0.5882198567269834 0.48744048828125003 0.5915071894531251
5 0.4557884520171803 0.6346148874289813 0.455333931640625 0.6307798671875001 0.4456910831390697 0.631922721946019 0.44614560351562504 0.6357577421875001
5 0.39311582752704405 0.5124376544867928 0.3672390019531249 0.4689210683593751 0.3476978585300445 0.4805410690274743 0.3735746841039636 0.524057655154892
5 0.344140625 0.392361111328125 0.313671875 0.392361111328125 0.313671875 0.417708333984375 0.344140625 0.417708333984375
5 0.5431313081564876 0.2793330268635588 0.531491150390625 0.21566037109375003 0.5109189262185125 0.21942123094894117 0.522559083984375 0.28309388671874997
5 0.5674091483176997 0.260763867890129 0.5342056132812502 0.23766575781250004 0.5237803887916754 0.25265201882862104 0.5569839238281251 0.27575012890625