7 0.5456997933693846 0.5129941055046231 0.538772794921875 0.43335928320312495 0.4819579898337403 0.4383012929328769 0.4888849882812499 0.517936115234375
7 0.4877444598265809 0.5845670968515885 0.48258696484374997 0.48632908984375 0.4286990343194126 0.48915820598504384 0.4338565293022435 0.5873962129928822
7 0.492924709344309 0.4930206221968137 0.481336138671875 0.41169731640624996 0.4217696692891599 0.4201855379983076 0.43335823996159384 0.5015088437888714
7 0.49687724418443835 0.42020613364927645 0.492956912109375 0.37641742578125 0.4293995175343116 0.3821076163507236 0.433319849609375 0.42589632421875007
7 0.6107342039670391 0.465933435745667 0.5670141251220653 0.46334474793845715 0.5637692199831513 0.5181476129740403 0.6074892988281252 0.5207363007812502
7 0.5599048915848764 0.5557095116422995 0.5595905625 0.4981522929687499 0.5037669834044576 0.49845715437338356 0.504081312489334 0.5560143730469331
7 0.42955382298772316 0.5980815961974938 0.39785164257812505 0.5546780214843752 0.3149706789654019 0.6152146772400066 0.346672859375 0.6586182519531252
7 0.36674779020874204 0.5266652156597872 0.31839676373161696 0.5180765465386755 0.29758234071037504 0.6352540398632635 0.3459333671875001 0.6438427089843751
7 0.39451876398516594 0.5294062371295551 0.37134010742187507 0.51385489453125 0.33537525945233415 0.5674590675579448 0.35855391601562503 0.58301041015625
7 0.40460782848427035 0.4873917966120294 0.36615119824434217 0.4462912743492267 0.29908573694757185 0.5090425851590724 0.3375423671875 0.5501431074218751
7 0.4523442988311114 0.45900448832353474 0.4171946953124999 0.4254240625 0.3557199355438885 0.48977147261396525 0.39086953906249994 0.5233518984375
7 0.415721141943556 0.5080216607029711 0.37639202929687504 0.49837773828125004 0.36840498846405556 0.5309498821550018 0.40773410111073655 0.5405938045767228
7 0.4341705551736435 0.5644176684616087 0.43214708398437507 0.502064775390625 0.39614233343491556 0.5032331987279461 0.398165804624184 0.5655860917989298
7 0.4261738193742994 0.5399236427185693 0.3864453125 0.52875 0.3682402431257008 0.5934791346251809 0.4079687500000001 0.6046527773437501
7 0.46291074971497753 0.5913875026728265 0.45273189257812496 0.553950837890625 0.40309737333189744 0.5674462356084236 0.41327623046874995 0.604882900390625
7 0.47520712116421776 0.3372789993850324 0.4398331484375 0.297224865234375 0.3750350350857822 0.3544515845993426 0.41040900781249995 0.39450571875
7 0.46784996906805 0.37444528777951325 0.45506123046875 0.3502819492187501 0.4129891442132001 0.37254910870486196 0.4257778828125 0.3967124472656251
7 0.458171470220109 0.2579557111327945 0.409844408134755 0.25626191991947883 0.4068356390865211 0.3421077830054345 0.45516270117187513 0.34380157421875013
7 0.4279048824668912 0.290247480552556 0.41074637823866966 0.2305501910367521 0.33486548991240356 0.2523602690779462 0.352023994140625 0.31205755859375006
7 0.47646792024134915 0.3333880320475775 0.471927212890625 0.25266433007812505 0.44875833171793617 0.2539675793900643 0.4532990390686603 0.33469128135951676
7 0.4731936269825462 0.26167785479245764 0.4725088964433455 0.22842565230437606 0.41379580071079936 0.22963467446504343 0.41448053125000006 0.262886876953125
7 0.5097508776022144 0.30644263204611255 0.47558088085937494 0.29549417578125003 0.4523846302102855 0.36788938748513755 0.486554626953125 0.37883784375000007
7 0.5642225694032476 0.34054011478467033 0.5224010078124998 0.33865814453125 0.5191836298155021 0.4101554340434547 0.5610051914062499 0.4120374042968751
7 0.5880051883231175 0.4239561534680286 0.5868943769531249 0.376843615234375 0.5501165421467176 0.3777107567342462 0.5512273535167103 0.42482329496789983
7 0.4533124554213231 0.40119632028933677 0.3871849667968749 0.37447814453125 0.3677129918443018 0.42267128517941327 0.43384048046874996 0.44938946093750004
7 0.42566922983070116 0.3720843585627268 0.405620783203125 0.3508831250000001 0.3539114479036738 0.3997808387028983 0.37395989453124995 0.42098207226562506
7 0.4230229835907083 0.34425774325103103 0.3956620351562499 0.30544683203125 0.33268001054991664 0.349847952061469 0.360040958984375 0.38865886328125004
7 0.4103003113290923 0.28842836274483363 0.37249861132812506 0.286909544921875 0.3706591984365328 0.3326905024895414 0.4084608984375 0.33420932031250006
7 0.40702843803072947 0.42622152820239906 0.38357469531250005 0.41566734375000003 0.3548332240786456 0.4795372784382261 0.378286966796875 0.4900914628906251
7 0.5568797254141933 0.2240871859414019 0.49619628049717296 0.19550951722359608 0.44350524648922973 0.3073966515946943 0.50418869140625 0.33597432031250013
7 0.6043156368109134 0.34821367560230987 0.5602071796875001 0.23911449804687498 0.5070544836041326 0.26060396725021306 0.551162940727546 0.369703144805648
7 0.39707090762691233 0.42708298172496584 0.37859374999999995 0.39590277734374996 0.3285540923730876 0.42555590694690926 0.34703124999999996 0.45673611132812514
7 0.3584506094525037 0.44420204943122865 0.33329156835937507 0.43451912890625005 0.2991687889849965 0.5231800247875216 0.3243278300781251 0.5328629453125001
7 0.3846883397884519 0.38584021787924844 0.370106130871581 0.3710757324098197 0.3315115410831291 0.4091938485149464 0.34609375 0.4239583339843751
7 0.5290156407664736 0.41276173614011946 0.525543714601195 0.38524278128060185 0.48764547227222155 0.3900242092029825 0.4911173984375 0.4175431640625001
7 0.5575149171338938 0.4414146217155698 0.5420349375 0.39669468359375004 0.5242715633348562 0.40284354430005537 0.53975154296875 0.4475634824218751
7 0.5478996324517006 0.41970982741347695 0.496304953125 0.4031995292968751 0.4849096130751046 0.4388099653738508 0.5365042924018052 0.4553202634904526
7 0.5790815214474527 0.4857668498041638 0.543591498046875 0.45483872265625 0.5289697599452374 0.47161716594518494 0.5644597833458151 0.5025452930930987
7 0.5135264050533082 0.46518916950530975 0.48652343749999993 0.45000000000000007 0.45561421994669177 0.5049497191665653 0.4826171875 0.520138888671875
7 0.5478591086631827 0.5703193878079981 0.524678611328125 0.5235696953125 0.45327927219619246 0.5589725418795018 0.47645976953125 0.605722234375
7 0.648351986328125 0.5183377109375 0.6012045546875 0.5183377109375 0.6012045546875 0.563823822265625 0.648351986328125 0.563823822265625
7 0.6488646774804919 0.4771187778915819 0.6033688300781251 0.4330015917968751 0.5796111389257582 0.4575017103896684 0.625106986328125 0.5016188964843753
7 0.6078125 0.5131944453125 0.574609375 0.5131944453125 0.574609375 0.5475694453125 0.6078125 0.5475694453125
7 0.5590913200227506 0.4659294377776436 0.558864134765625 0.43725359765625 0.5346359026334994 0.4374455465973563 0.534863087890625 0.4661213867187499
7 0.6263369403396786 0.37153353983633486 0.568151068359375 0.34975637304687507 0.5546019541915714 0.38595791524179035 0.612787826171875 0.4077350820312501
7 0.6161631714909115 0.34162645721329693 0.565455458984375 0.33621763476562505 0.5616064437434635 0.37230215411482825 0.61231415625 0.37771097656250013
7 0.5980712860415883 0.5837206382450344 0.5848483281249999 0.529266603515625 0.5498611846615366 0.5377624574580908 0.563084142578125 0.5922164921875
7 0.6140765872617846 0.5613299676360685 0.5990476835937502 0.5517234238281251 0.5747097057069656 0.5897988370514318 0.5897386093750001 0.5994053808593751
7 0.6044027670316792 0.47335992111594705 0.5947604511718749 0.40611094140625 0.547365650976415 0.41290651861158034 0.5570079668362192 0.48015549832127735
7 0.6455833228669672 0.49043769015621286 0.625598880859375 0.43927752148437493 0.6140803783049078 0.4437769367969121 0.6340648203125 0.49493710546875
7 0.642876443201313 0.4887508485689128 0.6107921210937501 0.486638302734375 0.6095190294549373 0.5059734014310873 0.6416033515625001 0.5080859472656251
7 0.630365474927209 0.42105038992498056 0.6149604489572769 0.4189497050424697 0.6108573177800679 0.44903934050811417 0.62626234375 0.45114002539062503
7 0.6270014478929228 0.4366790679142375 0.590692267578125 0.39255652148437503 0.5716067923414522 0.40826227778888763 0.60791597265625 0.4523848242187501
7 0.34426841315444223 0.41736109708714253 0.3343158677710937 0.4148363707463322 0.3237840718041515 0.4563530197529397 0.33373661718750003 0.45887774609375004
7 0.358148906099765 0.46224107801087816 0.3412818437499999 0.430187197265625 0.32892882241585986 0.4366874766766219 0.34579588476562495 0.46874135742187506
7 0.6285531739432066 0.5503282652347182 0.6031867832031252 0.5490398125000001 0.6021555095515926 0.5693429945258808 0.627521900291674 0.5706314472605989
7 0.6448374379825732 0.4586208593160225 0.6290986484374999 0.43685858398437505 0.6199521713924266 0.4434734473246026 0.6356909609374999 0.46523572265625