7 0.5664726857954598 0.6001859057340668 0.5643686406249999 0.527990849609375 0.4863375681107901 0.5302649790315582 0.48844161328125 0.60246003515625
7 0.6250221556273712 0.5396705311615646 0.562157642578125 0.51961119921875 0.5481416564874856 0.5635362981704464 0.6110061695367318 0.583595630113261
7 0.47813305116370636 0.5415163798966622 0.437679951171875 0.5393492500000001 0.43447404258629374 0.5991928896345879 0.47492714257812507 0.6013600195312501
7 0.5146293616779348 0.5576695827347874 0.4936644296875 0.48236696093750003 0.4546325603375647 0.493233786910489 0.4755974923279995 0.5685364087077764
7 0.47770201015133706 0.5112065029882992 0.46736186523437506 0.4767559257812499 0.424324525004913 0.48967333880857583 0.434664669921875 0.5241239160156251
7 0.5058909390440934 0.4735082830721815 0.4615480000000001 0.4627584804687501 0.4540458324402816 0.49370492395906873 0.498388771484375 0.5044547265625001
7 0.521875 0.4222222226562501 0.4703125 0.4222222226562501 0.4703125000000001 0.4677083339843751 0.521875 0.4677083339843751
7 0.4795755816011313 0.47993408945245136 0.47424703710937494 0.42897988476562493 0.4181561000394936 0.4348456039069236 0.42348464453124995 0.48579980859375005
7 0.4533170755121986 0.6166578870234561 0.41924884374999993 0.5242154277343751 0.3747533270651001 0.5406135589227672 0.40882155882729876 0.6330560182118482
7 0.4209555171221283 0.4887239008143019 0.378649236328125 0.48790330468750004 0.37742909615912174 0.5508082964513231 0.419735376953125 0.551628892578125
7 0.44555611871302425 0.46982233837423687 0.3820356679687501 0.4294918925781249 0.35485394680942717 0.47230310247087093 0.4183743975537013 0.5126335482669828
7 0.439689809431061 0.3876020601071387 0.3920996988982859 0.3795712284615468 0.3806674871234749 0.44731766444815807 0.42825759765625004 0.45534849609375005
7 0.4110576697349694 0.5837084549222988 0.36752679687500006 0.503939064453125 0.3250152521400307 0.5271379962495762 0.36854612500000006 0.6069073867187501
7 0.6110372160621245 0.3456926919849177 0.606683498046875 0.276033197265625 0.5570077526878755 0.2791379310619573 0.5613614707031249 0.34879742578125006
7 0.6121887745635524 0.39007171108079436 0.5874999999999999 0.34618055468750014 0.5735534121018777 0.35402551009177635 0.5982421866654302 0.39791666648507057
7 0.5906798662424066 0.34313150143581556 0.551097552734375 0.33844026562500007 0.5473369345388434 0.37017049075168457 0.586919248046875 0.37486172656250005
7 0.6322152464191103 0.4221314035690975 0.59796223828125 0.38078346289062504 0.5807526391413822 0.3950400505154136 0.6150056472792427 0.43638799119388605
7 0.6288115857457596 0.44905386059605434 0.577492751953125 0.41396406054687507 0.5568097912073654 0.4442128913570708 0.608128625 0.4793026914062501
7 0.583856033798954 0.480784431982221 0.5808395078125002 0.429996396484375 0.5424873216697962 0.43227430239277914 0.54550384765625 0.48306233789062514
7 0.6162643891911763 0.5011875822196692 0.5872953124999999 0.465533333984375 0.5741449858088233 0.4762179744209559 0.6031140624999999 0.5118722226562501
7 0.6361936666293555 0.5542748517701677 0.60703125 0.5024305546875 0.5868532083706445 0.5137807029173324 0.616015625 0.565625
7 0.6385889669499534 0.46069665698566975 0.6118987922339603 0.4485892184166781 0.5905714600496319 0.49560413564975847 0.617261634765625 0.5077115742187501
7 0.6568556429985436 0.5368405872716584 0.6224609374999999 0.47569444531249994 0.5978318570014562 0.4895483033533417 0.6322265624999999 0.5506944453125002
7 0.5361192956382538 0.3996297883790023 0.5280745781250001 0.3084563261718751 0.47164351490862133 0.3134355377928728 0.47968823242187497 0.40460900000000005
7 0.5023825809561978 0.3441662551578303 0.46367187499999996 0.27534722265625 0.4298439815438021 0.2943754128109197 0.46855468749999996 0.3631944453125
7 0.49790170787620625 0.3805077508369929 0.454642033203125 0.34686133984375 0.43499660071754387 0.37211975502238215 0.4782562753906251 0.40576616601562504
7 0.4672527723023347 0.35921144634198876 0.436459453125 0.34350148242187506 0.40801753433829024 0.39925088373613626 0.43881085351562493 0.41496084765625
7 0.4518006779944838 0.35198049846298635 0.4453938066267272 0.2762993338202076 0.34288346456974333 0.2849774584040963 0.3492903359375 0.360658623046875
7 0.46681942699287643 0.2924585762305478 0.462137365234375 0.241327494140625 0.42157090113212353 0.24504215619132716 0.426252962890625 0.29617323828125
7 0.4621158533722379 0.18749480009139277 0.41305863476562504 0.16687459570312507 0.3693003712371372 0.2709792233461074 0.41835758984375004 0.2915994277343751
7 0.47697913340595627 0.23975455427902276 0.46978891942679446 0.21334638294729663 0.4243606082864632 0.22571525444952387 0.431550822265625 0.25212342578125
7 0.5786167053676912 0.34567459532191136 0.5428388847656249 0.26005245703125 0.49906465429764013 0.27834383115414874 0.5348424748997063 0.3639659694448101
7 0.5729280921878314 0.5078049893132865 0.516346154296875 0.48768696679687507 0.5024925816402936 0.5266501395929637 0.55907451953125 0.5467681621093752
7 0.6022231707053269 0.47065805397631966 0.5470905156271362 0.46883381243544536 0.5451300070311843 0.5280847623653758 0.6002626621093751 0.5299090039062501
7 0.5523465453894001 0.41063469867829683 0.509292779296875 0.40970324609375003 0.508020019063725 0.4685329946810782 0.55107378515625 0.469464447265625
7 0.570329505043251 0.40714070467199687 0.5370093359375 0.40055894335937503 0.531728420737999 0.4272935785311282 0.56504858984375 0.43387533984375004
7 0.4150563154915209 0.3768153827251141 0.39139900750761664 0.3589556716448331 0.3471231217035958 0.417604339700969 0.3707804296875 0.43546405078125
7 0.4292677419383627 0.36754965772256426 0.3959433125 0.3562651953125 0.38776590063976235 0.3804141157149358 0.4210903300781251 0.3916985781250001
7 0.3823845393523842 0.340563581110215 0.36565057812499996 0.32272870117187513 0.3260240348663658 0.35990916107728516 0.34275799609375 0.37774404101562503
7 0.39882688826072854 0.26751691644170117 0.377037064453125 0.24568013085937507 0.3252587152548965 0.297347126527049 0.34704853906250005 0.3191839121093751
7 0.3881639280734189 0.578810320522692 0.36233129882812504 0.5531676367187502 0.30622900942658127 0.6096854978366835 0.3320616386718751 0.6353281816406251
7 0.4864096248992972 0.42220778341304627 0.47536583789062503 0.38668714062500004 0.42012262314757787 0.4038629079932039 0.43116641015625 0.43938355078125013
7 0.5122968203184656 0.4179407455931686 0.50757196875 0.39746060156249996 0.4738684062440343 0.4052361489380813 0.4785932578125 0.42571629296874997
7 0.41282831826887456 0.4272676442511447 0.390822873046875 0.4072723125 0.34300672274675054 0.4598953791863554 0.3650121679687501 0.47989071093750013
7 0.37695693147563725 0.4151902433696414 0.35373834009991667 0.40616910285630425 0.32717970745240443 0.47452565245541295 0.35039829882812507 0.4835467929687501
7 0.3654496945088988 0.40328353914267656 0.3377744924589723 0.392164038386836 0.3084998409188236 0.4650253937754095 0.3361750429687501 0.4761448945312501
7 0.3330641680384715 0.5790195531685076 0.31015724790033194 0.5772910585826924 0.30415922634623554 0.6567799976016849 0.3270661464843751 0.6585084921875002
7 0.3738100737964325 0.49120613093458804 0.343749083984375 0.47797275976562503 0.3133867680004425 0.5469439432841622 0.34344775781250003 0.5601773144531252
7 0.34052375444024024 0.4880560918090583 0.3195013730468751 0.48249134375000013 0.30208535493476 0.548285189440942 0.3231077363281252 0.5538499375000001
7 0.3598674210357748 0.4935439182651846 0.35880426562166723 0.46782882999751346 0.33155698911714243 0.46895533165420383 0.33262014453125 0.494670419921875
7 0.34660776069533017 0.48105320569608445 0.330917619140625 0.4599695761718751 0.2954866221171699 0.48633682750704077 0.3111767636718751 0.50742045703125
7 0.331665008343765 0.455173655915377 0.3170922265625001 0.4449271679687501 0.2944878119687352 0.4770756663502481 0.3090605937500001 0.4873221542968751
7 0.3377844712776527 0.40948411904879073 0.32418358984375 0.402553669921875 0.2988119603629723 0.45234503524808434 0.312412841796875 0.459275484375
7 0.6157877934726771 0.3946566543488987 0.548046875 0.35451388867187505 0.5247981440273228 0.39374612299485146 0.5925390624999999 0.4338888886718751
7 0.5570095603484502 0.3809921499840898 0.5439480410156251 0.3467725019531249 0.524111992385925 0.3543438519690351 0.5371735117187502 0.3885635
7 0.528974176012546 0.3028295165055584 0.525749298828125 0.214284751953125 0.4619765388312038 0.21660741122881652 0.4652014160156249 0.3051521757812499
7 0.41097557866612666 0.28545877488059446 0.40581512695312505 0.246141041015625 0.37834562253882426 0.24974641287141203 0.38350607425182587 0.2890641467363815
7 0.348046875 0.33472222265625 0.309375 0.33472222265625 0.309375 0.407986111328125 0.348046875 0.407986111328125
7 0.34706401397495773 0.40390747809276195 0.30800328515625003 0.38319691796875016 0.2939808688375424 0.40964360979786335 0.3330415976562501 0.43035416992187514
7 0.33920868099236995 0.33315717348999974 0.33472179296875004 0.3164996015625 0.3084531783826301 0.32357532260375027 0.31294006640625005 0.34023289453125
7 0.3609872869713739 0.30413647657977594 0.34340408593749994 0.29869667382812504 0.32990284388800106 0.3423370527170991 0.34748604492187496 0.34777685546875003
7 0.5478139607041979 0.4076793701396809 0.5007264746093749 0.3727997480468752 0.4833732395334986 0.39622661354333544 0.5304607256283216 0.43110623563614114
7 0.45897437047235506 0.3088377503727296 0.41442462109375 0.3046612109375 0.40886976624639493 0.3639129898616454 0.453419515625 0.368089529296875
7 0.539370028898314 0.28380043763787743 0.525377734375 0.22264893359375 0.5136623265704361 0.22532957798712255 0.5276546210937499 0.28648108203125
7 0.36671867862632707 0.6274062366452128 0.33129590039062506 0.6258122109375001 0.3286724737174231 0.6841105563235373 0.3640952519531251 0.6857045820312501
7 0.37356324230327037 0.6620056517826423 0.36720599218749994 0.6054967539062499 0.32321228115863987 0.6104460456999627 0.3295695312744103 0.6669549435763552
7 0.5693012593256365 0.6147868456895333 0.559125884765625 0.5861686015624998 0.5106527055181135 0.6034035078260915 0.520828080078125 0.632021751953125
7 0.6232108813539414 0.5890190039876066 0.5643139902343749 0.5613028222656249 0.5447220580991834 0.602935681559268 0.6036189492187498 0.6306518632812499
7 0.6300464686212235 0.6296539600551525 0.6176685527343749 0.5592373671875 0.5960135684881515 0.5630439071323475 0.608391484375 0.6334605000000001
7 0.6568617456557083 0.6405083927163396 0.6388594667968751 0.549830244140625 0.6152393734849168 0.5545195272055354 0.63324165234375 0.6451976757812501
7 0.6402910055825968 0.5340602725246392 0.6219115429687501 0.5323371972656251 0.6189385139486533 0.564049495053486 0.6373179765625001 0.5657725703125001
7 0.5368121601103153 0.5183617337720405 0.51732344921875 0.46481698632812496 0.4885262168428096 0.47529833068108446 0.5080149277343751 0.5288430781250001
7 0.4609266579050292 0.5529083735319796 0.4485703593749999 0.49315881445312504 0.4106124085012207 0.5010085756867705 0.42296870703124995 0.5607581347656251
7 0.350929185576745 0.5419903777512844 0.3303678459399476 0.5343526165499586 0.3152224689569527 0.5751249360642992 0.33578380859375007 0.582762697265625
7 0.3216612520807155 0.5604746362121938 0.308727189453125 0.5321744648437501 0.29843642760678457 0.5368776645690564 0.311370490234375 0.5651778359375002
7 0.49566359007436867 0.5480197446557066 0.4800802109375001 0.5460328632812501 0.4739511267225065 0.5941040990942935 0.4895345058593751 0.59609098046875