7 0.5804552094191129 0.451243144161727 0.523648919921875 0.43895332226562506 0.5028586597215122 0.5350505277132731 0.5596649492187501 0.5473403496093752
7 0.56640625 0.53402777734375 0.5328125 0.53402777734375 0.5328125 0.5788194453125 0.56640625 0.5788194453125
7 0.5777450776988264 0.6104385182739107 0.4972469726562501 0.48392298046875 0.4384038246449238 0.5213631399292142 0.5189019296875002 0.647878677734375
7 0.5443741231321388 0.27724249102242327 0.48635767968749993 0.180400794921875 0.43558779483661103 0.21081629022757675 0.49360423828125 0.307657986328125
7 0.4725612216879991 0.351835703071867 0.44683491406249987 0.2920275351562501 0.41596566041554534 0.30530585387371323 0.4416919680410445 0.36511402178933017
7 0.5002573851836 0.38706830927570585 0.46060842578125005 0.32630362304687505 0.4279174409882752 0.3476344915055442 0.4675664003906251 0.408399177734375
7 0.5087439424338788 0.39674666009221987 0.48976255273437497 0.34275515039062504 0.47159752436299607 0.3491412930327802 0.49057891406249987 0.403132802734375
7 0.45330601042522145 0.3988810823050065 0.4482069375 0.35758489453125 0.41940632746540357 0.3611410680856185 0.424505400390625 0.40243725585937506
7 0.42814813786074774 0.23736620660156793 0.392189244140625 0.23403210546875003 0.38389483088925225 0.3234888773828071 0.419853724609375 0.32682297851562503
7 0.5456291601745971 0.308111284779879 0.5346435703124999 0.26844355859374996 0.4818846699035278 0.283054621470121 0.492870259765625 0.32272234765625
7 0.5731603513690812 0.2711434496314674 0.54849840625 0.2534176757812501 0.5162932306621688 0.2982248745872827 0.54095517578125 0.31595064843750004
7 0.5939764024996059 0.28426234781536935 0.5465195058593751 0.2803076054687501 0.5411289881253943 0.34499380257525586 0.5885858847656251 0.3489485449218751
7 0.4786786455209798 0.5366879598302626 0.416624541015625 0.5279616015625002 0.4036742958852704 0.6200522354822374 0.46572840039062513 0.6287785937499999
7 0.39386016006001223 0.5364815564734847 0.359739607421875 0.5149143769531251 0.30103520126811284 0.6077882169640155 0.3351557539062501 0.6293553964843751
7 0.3993223445235018 0.5277823691499676 0.39017518164062504 0.45898320703125006 0.33860105586712325 0.4658402226469075 0.34774821875 0.534639384765625
7 0.44823294990035434 0.4734065450511883 0.42771873935012117 0.44113577985898644 0.3738668617153919 0.47536889301092317 0.394381072265625 0.507639658203125
7 0.5049175947660598 0.4333000421924391 0.500244833984375 0.3817958359375 0.46116379390581524 0.3853414949169359 0.4658365546875 0.43684570117187504
7 0.5659101706528452 0.44648710265239094 0.5613961757673521 0.39316553499208257 0.5032896672238818 0.3980846042146916 0.507803662109375 0.451406171875
7 0.6112954757735635 0.42708808431383144 0.5609386562499998 0.3897867363281251 0.5401514558670614 0.41784945670179385 0.590508275390625 0.4551508046875002
7 0.6128589506612767 0.5309251144942754 0.5924531328124999 0.4600985703125 0.5555928344949732 0.47071838159947454 0.57599865234375 0.5415449257812499
7 0.6397147883928065 0.5288005087450014 0.6140175917968751 0.442001083984375 0.5868358484833347 0.4500483101460055 0.6125330450792661 0.5368477349066318
7 0.5857115542518094 0.5577835364470062 0.561119365234375 0.5545286875 0.5560366527794406 0.592931399099869 0.580628841796875 0.5961862480468751
7 0.5854968588414131 0.634860417151573 0.564291382484891 0.5876252199733758 0.4884912111434779 0.6216544786030528 0.5096966875 0.66888967578125
7 0.43119758513672557 0.3928613984962724 0.38943992378237385 0.3918827031239277 0.3880943484112733 0.4492939081432803 0.42985200976562504 0.450272603515625
7 0.4415711895983474 0.382907650732585 0.4188649375 0.3404324375 0.35127594712040255 0.37656392543929 0.37398219921875 0.419039138671875
7 0.4021590532473023 0.34780937110093874 0.39288119508832503 0.33563218329952044 0.37168254027852277 0.35178354071420675 0.3809603984375 0.36396072851562505
7 0.5458554623092898 0.23745837227554284 0.514924171875 0.23310866015625004 0.5081312095657102 0.2814141765525823 0.5390625000000001 0.2857638886718751
7 0.6015916263799506 0.3883977741677951 0.5603920410156249 0.3240320957031251 0.5349469908075494 0.3403191223165799 0.576146576171875 0.40468480078125
7 0.562890625 0.3583333339843751 0.517578125 0.3583333339843751 0.517578125 0.4031250000000001 0.562890625 0.4031250000000001
7 0.5735306510668189 0.3171628755661992 0.5294746328125 0.28286926953125013 0.46775197198005614 0.36216261271505107 0.5118079902343751 0.39645621875000014
7 0.46447858710210493 0.2995435040856015 0.4642879453125001 0.24836701171875 0.4189709011791452 0.2485358259925235 0.41916154296875 0.299712318359375
7 0.36311168824595697 0.3934064841819458 0.33378906250000007 0.37638888867187503 0.29814659691029316 0.43780359784930434 0.3274692226562501 0.4548211933593751
7 0.3917613274718707 0.4045391478343331 0.383325314453125 0.3491778085937501 0.3189909908875044 0.35898113341566706 0.32742700390625007 0.41434247265625007
7 0.40240741764788573 0.4693106093565493 0.40224058203125 0.42689765039062505 0.3627525569614893 0.4270529804872008 0.362919392578125 0.46946593945312504
7 0.4316293759365034 0.5203558093777501 0.394861525694729 0.504566389916852 0.3635303821801007 0.5775252973359769 0.4002982324218751 0.593314716796875
7 0.4709112774882582 0.4890522864273212 0.4480353476562499 0.48602458984375 0.43987125180861675 0.5477088698226789 0.462747181640625 0.55073656640625
7 0.4729039581492558 0.20945292317294611 0.4583456497149611 0.20360360324415294 0.44176031461258036 0.24488266249308194 0.45631862304687504 0.25073198242187505
7 0.6192877672865477 0.35655674410497296 0.60078125 0.27430555468749995 0.5775064143540772 0.27954239261377706 0.5960129316406249 0.36179358203125
7 0.6074735820553302 0.3966811018354517 0.6052734375000001 0.34583333398437494 0.58955766794467 0.34651334347704826 0.5917578125000001 0.397361111328125
7 0.6219469174808258 0.40642630419974446 0.58046875 0.404513888671875 0.5778649653316742 0.4609870844721306 0.6193431328125 0.4628995
7 0.5861474583807172 0.5059723247076721 0.5646423437042488 0.5054682988270528 0.5637993970422818 0.5414340405256309 0.5853045117187502 0.5419380664062501
7 0.611974150682888 0.5809650744795312 0.5929687500000002 0.5246527773437502 0.5713668415046123 0.531943421614219 0.5903722421875001 0.58825571875
7 0.4776019482972376 0.395895400245223 0.4368307128906251 0.3854343593750001 0.41382042474963754 0.47511548061415215 0.4545916601562501 0.4855765214843751
7 0.37729259037913143 0.41524028294798904 0.35657332824176025 0.41001581399007625 0.3411712085657539 0.47109772635458724 0.3618904707031251 0.4763221953125001
7 0.3661109883038195 0.4613103372775592 0.3451596191406251 0.45079926171875007 0.32525759763368056 0.4904692838161908 0.346208966796875 0.500980359375
7 0.41915528944020464 0.6246375800924042 0.41690709570312495 0.5630870234375 0.36633536087917556 0.5649342050664479 0.36858355461625525 0.6264847617213521
7 0.4204556167249853 0.3494985239262701 0.38268385742187494 0.2498807011718751 0.34319563913438966 0.26485331787060507 0.38096739843749994 0.3644711406250001
7 0.41121446268902057 0.35047363590999914 0.35573179296874996 0.2858501445312501 0.3250755724672293 0.31217012385562604 0.3805582421874999 0.37679361523437505
7 0.3601023541308349 0.47892735251912216 0.34214701171875 0.46475493945312507 0.3086927337597902 0.5071389013871279 0.3266480761718751 0.5213113144531251
7 0.36030099299309004 0.5055985145396156 0.34946996289062493 0.493413603515625 0.3242539698975349 0.5158278155385094 0.335085 0.5280127265625001
7 0.33457790025335604 0.5160399548541721 0.3224088321204421 0.5133779722485148 0.31697683421083606 0.5382099724724677 0.32914590234375 0.540871955078125
7 0.3758445135160942 0.567187468126429 0.34957834570312507 0.564521353515625 0.3425727540620309 0.6335394088266962 0.36883892187500006 0.6362055234375001
7 0.45449357674991414 0.5457340793643161 0.44318375976562496 0.47536188671875 0.39710895450008576 0.482766766338809 0.40841877148437494 0.553138958984375
7 0.5263873931402084 0.42603498220366853 0.46421444340428364 0.41649708759788734 0.4497413139359503 0.5108404608629689 0.5119142636718751 0.52037835546875
7 0.5951644708892105 0.4754792609498173 0.551488345703125 0.4200175175781251 0.5262622498139143 0.4398830691283079 0.569938375 0.49534481250000006
7 0.5406635365906091 0.45633298823376434 0.511963341796875 0.42100966992187505 0.49529912942501575 0.4345493418443608 0.5239993242187498 0.46987266015625007
7 0.5982978007538439 0.6083799006384167 0.5976743378906251 0.574362134765625 0.5604740488555312 0.5750439255334584 0.56109751171875 0.6090616914062501
7 0.6217178042574264 0.5943206256141755 0.6118038886718749 0.5150092988281251 0.5900261117581983 0.5177315208701996 0.5999400273437498 0.59704284765625
7 0.6281426031792235 0.544133928739212 0.6175912832031251 0.5435091796875001 0.6156251546332766 0.5767149150107883 0.6261764746093751 0.5773396640625001
7 0.35796542859003755 0.5259708522650841 0.34430187304687504 0.5138932460937501 0.3198934932849625 0.5415067688286661 0.3335570488281251 0.553584375