5 0.5333049453939671 0.5203380393883872 0.48586200390779366 0.5190037069763618 0.48431798820132665 0.5739020562598496 0.5317609296875001 0.575236388671875
5 0.5339234056784813 0.601817131461907 0.5172812067629061 0.5601170794057406 0.45859137139692485 0.5835397819282087 0.4752335703125 0.625239833984375
5 0.5698257610576929 0.6873987884916227 0.535873904296875 0.597355244140625 0.4910755143329322 0.6142469439302523 0.52502737109375 0.70429048828125
5 0.568144638980485 0.6093816226716442 0.5448485781250001 0.541611267578125 0.5083226188320151 0.5541670667814808 0.5316186796875 0.6219374218749999
5 0.4981768435892988 0.591657537766818 0.46185380859375 0.51744530078125 0.4202522735982012 0.537807091139432 0.45657530859375 0.612019328125
5 0.4691406250000001 0.46180555468750006 0.42929687500000013 0.4618055546875 0.42929687500000013 0.5038194453125 0.4691406250000001 0.5038194453125
5 0.4869730419115517 0.4307910513028528 0.4473040467753848 0.4287625234324061 0.4445971415825832 0.4816975658795533 0.4842661367187501 0.48372609375
5 0.5414117051572658 0.4534494991034724 0.5033012578125 0.43893123242187504 0.4925421809117317 0.4671738072896279 0.5306526282564974 0.4816920739712252
5 0.5435934657256148 0.47507147549056866 0.50662913671875 0.469873365234375 0.4996050635712601 0.5198223155250564 0.536569392578125 0.5250204257812501
5 0.5088480197487066 0.46176630932914664 0.4742500000000001 0.4589861113281251 0.4704332302512936 0.5064836906708536 0.5050312500000002 0.5092638886718751
5 0.5640689267088594 0.5180130235508296 0.5470605390625 0.45672153515625014 0.5252456318848904 0.4627751717616706 0.54225401953125 0.52406666015625
5 0.5651807739448512 0.43897699401225987 0.5369543378931938 0.43795264836671377 0.5356506694170926 0.47387598638570394 0.56387710546875 0.47490033203125004
5 0.43252299037537484 0.5112846505328443 0.431586837889771 0.4665248183185431 0.3839406170456461 0.46752133966069875 0.38487676953124994 0.512281171875
5 0.43231403828301845 0.5347565944810737 0.42093091210937505 0.4969581914062501 0.3687142292951066 0.5126834348158014 0.38009735546875 0.550481837890625
5 0.3906069636640447 0.47901183843436723 0.33129750781250006 0.47345157617187505 0.3236451828203305 0.5550763646906328 0.3829546386718751 0.560636626953125
5 0.4107309765998064 0.5904740030787475 0.40971320898437497 0.5452398378906249 0.3702644296511818 0.5461274344651753 0.3712821972666132 0.5913615996532979
5 0.47696880015591125 0.4343824784867451 0.47503727734375 0.39396904296875 0.43982104936477995 0.39565217004834125 0.4417525721769412 0.43606560556633633
5 0.48708206140652677 0.39109315641477516 0.4705962558593749 0.33833857421875 0.44022852257784817 0.34782849006959987 0.456714328125 0.400583072265625
5 0.5879480013797672 0.6330881147843694 0.5552734375 0.5750000000000001 0.5276769986202327 0.5905229965437558 0.5603515625 0.6486111113281252
5 0.566796875 0.627083333984375 0.54765625 0.627083333984375 0.54765625 0.682291666015625 0.566796875 0.682291666015625
5 0.5571899890327933 0.5125588207479428 0.522025310546875 0.51062905078125 0.5197366633109567 0.5523332671426823 0.554901341796875 0.554263037109375
5 0.5760240993224441 0.5358985194444889 0.574452533203125 0.50356919140625 0.5471010764588058 0.5048987774305111 0.548672642578125 0.53722810546875
5 0.5814963619947784 0.5333654154880001 0.5556650526584357 0.5323168514801349 0.5544550148824074 0.5621260570858848 0.5802863242187501 0.56317462109375
5 0.5872289795116584 0.4776250941001089 0.5580002908649964 0.4753573515508134 0.5549170418220881 0.5150970152632046 0.5841457304687502 0.5173647578125001
5 0.5835810548826795 0.48046654243963743 0.5721739042968748 0.42884630078125 0.5561191772186213 0.43239410845343434 0.567526327804426 0.48401435011182176
5 0.603412754178933 0.46734257112499944 0.5908984375000002 0.4228472226562501 0.5710794333210671 0.4284213175468756 0.58359375 0.472916666015625
5 0.5909134084390806 0.4172288755878127 0.55899586328125 0.40304330078125006 0.5488154509359192 0.4259492298809373 0.5807329960937498 0.4401348046875
5 0.6025185176633031 0.4055028887570814 0.58125880078125 0.337181060546875 0.5440155487429468 0.34877005069604367 0.565275265625 0.41709187890625005
5 0.5239370627352827 0.27869431581141124 0.47302485351562507 0.21154129296875007 0.43524603296784226 0.24018338731358888 0.4861582421874999 0.30733641015625
5 0.5589222448724462 0.32591956849902415 0.540369896484375 0.271427640625 0.5182292603910383 0.278965652406978 0.5367816087791096 0.33345758028100214
5 0.583049574013287 0.3190411661810636 0.5460837089843751 0.24981916015624997 0.5250921543989386 0.26102904871790367 0.5620580194278506 0.3302510547427173
5 0.5509644779134543 0.23408675689021735 0.4985026823316903 0.21851216173470112 0.4732075950432361 0.3037166685163588 0.5256693906250001 0.3192912636718751
5 0.425713596697724 0.3613459485702828 0.38678933031470997 0.3468953157689846 0.356129196507611 0.4294815410268269 0.3950534628906251 0.44393217382812505
5 0.442578125 0.385416666015625 0.4041015625 0.385416666015625 0.4041015625 0.43784722265625 0.442578125 0.43784722265625
5 0.4453082815142564 0.4591450516128952 0.430117578125 0.41732064648437506 0.3625001442669936 0.44187942690272974 0.37769084765625 0.4837038320312499
5 0.3911887139502441 0.4129613587003275 0.34711159375000006 0.40437903515625007 0.3323096766747559 0.4803987604402976 0.376386796875 0.48898108398437506
5 0.3943700326846938 0.3562795200917844 0.37536933002082085 0.3383958145140083 0.32399278757050204 0.392981280750349 0.342993490234375 0.41086498632812507
5 0.3594650895979076 0.49045910474978976 0.336905744140625 0.442055904296875 0.3094904314871707 0.4548333963466067 0.3320497769444533 0.5032365967995215
5 0.32502004818842656 0.45930266285322024 0.308835974609375 0.459080625 0.30836886782719847 0.4931274797249048 0.32455294140625 0.493349517578125
5 0.35149867082722114 0.5418107178481982 0.33507353515625005 0.5280230800781252 0.29700736237590397 0.573371098558052 0.3134324980468751 0.5871587363281251
5 0.35505485132352943 0.5596173206066176 0.3424796875 0.5494 0.3169248361764706 0.5808521247058824 0.3295 0.5910694453125
5 0.3743542576025017 0.5426461557003965 0.35278977734375006 0.5408082734375002 0.3493223849756234 0.5814923345339786 0.37088686523437503 0.583330216796875
5 0.3627660119970075 0.6176809945596988 0.3605666014471642 0.5805659589912096 0.3170281402314067 0.5831460171658858 0.31922755078125 0.620261052734375
5 0.5594909235307844 0.3270341447076211 0.5277159612041354 0.30879596582886454 0.489678408767101 0.37506583869936844 0.52145337109375 0.393304017578125
5 0.46674144691465913 0.5496011416523485 0.4628790078125 0.49761148046875 0.4204246487991867 0.5007655186482074 0.4242870879013458 0.552755179831806
5 0.5172511998406831 0.5265810017689677 0.506130076171875 0.492359013671875 0.46158376890931674 0.5068352326060322 0.472704892578125 0.5410572207031249
5 0.523492391156852 0.4611832443324797 0.50202109375 0.395398849609375 0.46690233092329203 0.4068612246055549 0.488373628330144 0.4726456193286596
5 0.49908429163861834 0.41260818547919526 0.4755859374999999 0.3708333339843751 0.45540789586138153 0.38218348248955497 0.47890624999999987 0.4239583339843751
5 0.5648989217109883 0.3996540668189664 0.5019713808593751 0.3868687890625 0.4943640216483868 0.4243112613060336 0.5572915625 0.4370965390625
5 0.5261440772016619 0.41179250541280243 0.5162736679687501 0.351889330078125 0.47699138373583805 0.35836197896219757 0.48686179296875 0.418265154296875
5 0.5325988034117533 0.4511123624218244 0.52149323046875 0.413144591796875 0.5086829778382467 0.4168915907031755 0.51978855078125 0.4548593613281249
5 0.5669276507734009 0.3842596633120881 0.531950431640625 0.35938697265625014 0.5156828023515991 0.38226332496916215 0.550660021484375 0.4071360156250001
5 0.5918637627447767 0.33944634695741227 0.557640166015625 0.30294117578125 0.5428099501458482 0.31684450265196284 0.577033546875 0.3533496738281251
5 0.6211863239308197 0.4424239003636053 0.5962199511718751 0.38535790625000016 0.5700997327098054 0.39678550198014495 0.59506610546875 0.4538514960937501
5 0.5982144678032847 0.4641285124827114 0.5805244296875 0.463745794921875 0.5795115400092152 0.5105637590016637 0.597201578125 0.5109464765625001
5 0.6058239746709062 0.5585861574826005 0.5865384609375 0.507158119140625 0.5642781867963454 0.5155057216644459 0.5835637005297516 0.5669337600064213
5 0.582816353680433 0.5594823763417569 0.554988578125 0.5560795234375 0.550086400225817 0.5961684459238681 0.57791417578125 0.599571298828125
5 0.6070549114387132 0.5940871621200154 0.5756245273437499 0.5827540898437501 0.5490258053581618 0.6565212050674847 0.580456189453125 0.6678542773437501
5 0.3600467810622525 0.48574425665816967 0.34401753320312495 0.47319558593749994 0.30739714081274744 0.5199732374824552 0.323426388671875 0.532521908203125
5 0.4433319986895039 0.3647668843330323 0.3933572500000001 0.2824236660156251 0.3491876254442134 0.3092305595520967 0.39916237413371725 0.3915737778695039
5 0.4086456185269429 0.3013377103356138 0.39631723828125 0.2836156640625 0.35623783459805697 0.31149698888313626 0.36856621484374996 0.32921903515625006
5 0.4288955755343806 0.27798594241977304 0.41704377843433044 0.27085953854385797 0.39604415993119985 0.30578363518658497 0.40789595703125003 0.31291003906250003
5 0.485821873185739 0.2971249966643771 0.451541384765625 0.25359421874999993 0.4304207361892611 0.27022672989812285 0.4647012246093751 0.3137575078125
5 0.39260606736917564 0.3293456736722784 0.358954875 0.300601947265625 0.3028438798964494 0.3662928692964716 0.33649507226562503 0.395036595703125
5 0.4806312972901331 0.34508431980949145 0.4319221484374999 0.26395937500000005 0.3897384605223667 0.2892873618311337 0.43844760937499994 0.3704123066406251
5 0.5627760633964 0.33469351058930863 0.5560246382745712 0.315705127788833 0.531980545581296 0.32425413868389946 0.5387319707031248 0.34324252148437506
5 0.5816614116972623 0.3884113380785655 0.55264115625 0.335766888671875 0.5291773265839876 0.34870132598393455 0.5581975820312499 0.4013457753906251
5 0.36009133191950055 0.42091535180062534 0.348114568359375 0.40882850781249996 0.31861284972112447 0.4380615407774997 0.33058961328125 0.4501483847656251
5 0.37501888493976643 0.4158400251346048 0.36815162678271285 0.39362873382382313 0.3407827008273214 0.4020906227517183 0.347649958984375 0.42430191406249995
5 0.4549945693257244 0.4057064613396555 0.4342391953125 0.3705650859375 0.4212721650492756 0.3782237378790946 0.44202753906250003 0.41336511328125003