5 0.5198440106649581 0.4933209429476356 0.4978204609374999 0.45120090234375 0.4351955479287918 0.4839459535367394 0.45721909765625 0.526065994140625
5 0.5591576497881047 0.48884970971112685 0.51015625 0.40173611132812503 0.46712954357127023 0.4259386340388732 0.516130943359375 0.513052232421875
5 0.5237420141051311 0.4913667741358997 0.49571208398437505 0.48663672265625013 0.4868729507386189 0.5390167629734754 0.514902880859375 0.543746814453125
5 0.502251593291307 0.5367077994232938 0.46872486132812513 0.534821919921875 0.4661638617868181 0.5803507806548313 0.49969059375 0.5822366601562501
5 0.5260627509140422 0.5920837882669444 0.519714447265625 0.5346730371093751 0.48539516119533266 0.5384679578268057 0.4917434648437499 0.595878708984375
5 0.43787751078256 0.5520717047833241 0.43653272460937503 0.500885771484375 0.3749703251549401 0.5025031741229259 0.37631511132812506 0.553689107421875
5 0.47021070397481385 0.4780451131751664 0.4318422988281249 0.452781966796875 0.41472455383768597 0.4787795430748337 0.4530929589843749 0.5040426894531251
5 0.43552821305354594 0.2594811683201096 0.37840650000000003 0.24944024218750008 0.3594812400714542 0.3571039430080156 0.4166029531250001 0.3671448691406251
5 0.525546374734744 0.33639862859322356 0.44760523437499994 0.23493194531250003 0.39168783620275593 0.2778846233599015 0.4696289765624999 0.379351306640625
5 0.529296875 0.34236111132812513 0.475 0.34236111132812513 0.475 0.3909722226562501 0.529296875 0.3909722226562501
5 0.4726773547954065 0.3793453738234293 0.4357429238281251 0.37844208593750006 0.43469219012646854 0.4214054113328209 0.47162662109375 0.42230869921875014
5 0.47563476616762923 0.3544444452708922 0.44626048046874994 0.33379065039062494 0.3959305932073707 0.40537093363535776 0.42530487890624996 0.426024728515625
5 0.4011422049220377 0.34754324061703346 0.37005892773437504 0.34709492382812507 0.36924934390608743 0.4032260328204667 0.4003326210937501 0.4036743496093751
5 0.4238716147636718 0.44152967763686624 0.376900017578125 0.42137328320312506 0.3633365138388529 0.4529810906490472 0.4103081110243997 0.47313748508278836
5 0.424548818711232 0.41517140748998954 0.379244537109375 0.410524814453125 0.37671729261689296 0.43516544797876044 0.42202157421875 0.439812041015625
5 0.41388626871277046 0.5968191601658309 0.40617891601562495 0.5456616035156249 0.34335689339660447 0.5551263144435439 0.35106424609375 0.6062838710937499
5 0.3658401432847028 0.5940779172093273 0.3642299765625 0.51106492578125 0.3255187864027972 0.5118157898219228 0.327128953125 0.5948287812500002
5 0.38756985143933165 0.46550474770808176 0.362124142578125 0.43872519140625 0.2951599180919184 0.5023540335419183 0.32060562695312506 0.5291335898437501
5 0.3864790483623951 0.4394346762248654 0.3733591454098086 0.41069173202085124 0.31776446814116355 0.43606828235848594 0.33088437109375 0.46481122656250007
5 0.43778892147352794 0.485186863252553 0.40758162109375007 0.4431549941406249 0.3277322660264722 0.5005408183880719 0.3579395664062501 0.5425726875
5 0.5004567185529714 0.4351175164916333 0.4318263320312499 0.406409380859375 0.41242622285327846 0.4527877667114917 0.48105660937499994 0.48149590234375
5 0.3731547515611318 0.3818656223715756 0.37290410546875 0.3199283847656251 0.33576161561846446 0.32007869208158146 0.33601226171084625 0.382015929687532
5 0.38100066459644444 0.4044894765848034 0.36866538841806273 0.37257195051513586 0.32247054022786825 0.39042503252408245 0.33480581640624996 0.42234255859375003
5 0.3393081252061165 0.3823849033540679 0.32348055859375 0.37987379882812505 0.3166644880751336 0.4228356943021822 0.33249205468750004 0.42534679882812504
5 0.5232019867069918 0.4363474873987868 0.5134342324218749 0.37213775195312493 0.4667406089961331 0.37924090908558805 0.4765083632812499 0.44345064453124994
5 0.577798572563078 0.49019149569079495 0.5775997753906251 0.42056840234375004 0.5283497008744222 0.42070902774670516 0.5285484980468751 0.4903321210937501
5 0.5757887151787114 0.5518879103550106 0.5732511328125 0.48213689257812503 0.5132869645113701 0.48431842370032624 0.5158245468775816 0.5540694414772118
5 0.5503079439330387 0.5505751987449368 0.5239209784160098 0.5492258652292811 0.5217463587017213 0.5917517602343444 0.5481333242187502 0.5931010937500001
5 0.6072804828625007 0.6703011462930271 0.5677894960937498 0.618639978515625 0.546491077462377 0.6349209803696865 0.5859820642311279 0.6865821481470885
5 0.6125350442952371 0.6254018588568617 0.6043860136718752 0.5917871035156251 0.5642108834391382 0.6015265278618884 0.5723599140625 0.635141283203125
5 0.6182228025139971 0.6016325524097994 0.606606951171875 0.553448275390625 0.5881484260016279 0.5578980979808257 0.5997642773437499 0.6060823750000001
5 0.5957596743805558 0.5606755575689445 0.5891291914062499 0.5271087402343749 0.5395061400725689 0.5369108252435554 0.5461366230468749 0.5704776425781249
5 0.6166778829105936 0.518447285987694 0.5717252578125002 0.4827925546875001 0.5545027674800315 0.5045062550279312 0.5994553925781249 0.5401609863281251
5 0.5969105103586818 0.49921070652620003 0.596731962890625 0.4525503886718751 0.5615815423756932 0.4526848930831751 0.56176008984375 0.49934521093750006
5 0.6054694189534174 0.418209266365719 0.557192619140625 0.38034511132812493 0.5363543271403325 0.40691393480615595 0.5846311269531249 0.44477808984375
5 0.5678337417818284 0.3939159473407853 0.52210903515625 0.3789417734375001 0.5105746117337965 0.41416295695608984 0.556299318359375 0.42913713085937505
5 0.45477874720954975 0.565892091335968 0.44249171289062494 0.53651840234375 0.4005452020092002 0.5540646567109072 0.41283223632812494 0.5834383457031251
5 0.5962750638620784 0.6098336772625265 0.5901626796875 0.5585439765625 0.5542592212941715 0.5628227250812236 0.5603716054687499 0.61411242578125
5 0.5790821857440218 0.36824621300383253 0.5306022128906251 0.297048568359375 0.49423021074035334 0.32181502918366767 0.54271018359375 0.39301267382812516
5 0.516532001953125 0.27382949414062513 0.4812914140625 0.27382949414062513 0.4812914140625 0.3540777265625001 0.516532001953125 0.3540777265625001
5 0.5709061245539152 0.2868654585927808 0.5293096152343749 0.280598564453125 0.5242283168523346 0.3143256820322192 0.5658248261718749 0.320592576171875
5 0.5951646157242065 0.3777811202213447 0.5754115039062498 0.30754783203125 0.5580737573226682 0.31242407313803033 0.5778268691406249 0.38265736132812495
5 0.5826723458408561 0.3803900760289879 0.551637787109375 0.29010772070312507 0.5187933709560189 0.30139798842413723 0.5498279296874999 0.39168034375000005
5 0.5332423141914585 0.2939127177250402 0.509858228515625 0.2865138457031251 0.4888904455741666 0.35278238383746 0.5122745312500001 0.3601812558593751
5 0.6068306129280514 0.470295284533956 0.593269375 0.42207754492187494 0.5664830154691489 0.42961120779671413 0.5800442533972003 0.4778289474087952
5 0.44918136799092134 0.47577441454528735 0.41841200000000006 0.4397214179687501 0.3977184103415264 0.4573823265121767 0.42848777833244767 0.49343532308871396
5 0.3483806317328639 0.6045137753448491 0.31199058398437507 0.5987505449218752 0.3012711143608864 0.6664351562957763 0.33766116210937513 0.6721983867187502
5 0.3147931509804314 0.49945307865140787 0.3021062500000001 0.4981555546875001 0.2946568490195688 0.5709941420517173 0.30734375000000014 0.5722916660156251
5 0.3263807857433501 0.5661634111204078 0.30548023828125 0.5591094765625 0.2804321732410249 0.6333259677858423 0.301332720703125 0.6403799023437501
5 0.34657371494271816 0.4408890783578673 0.3265842109375 0.4309030625 0.2935895038072818 0.49695020679838275 0.31357900781250003 0.50693622265625
5 0.34535840635194026 0.5525590167894389 0.3255859375 0.539583333984375 0.2916085057574348 0.591358467585561 0.3113809746093751 0.604334150390625
5 0.33247526944878364 0.6054731044626699 0.33053845312499996 0.579075021484375 0.31393286922309127 0.5802933662404551 0.31586968554687495 0.6066914492187501
5 0.3540482592257901 0.5932682462010399 0.32711900195312504 0.592128384765625 0.32605675639921 0.6172239647364601 0.35298601367187504 0.618363826171875
5 0.40470252388613215 0.33392423804232696 0.36868904687500004 0.32214971679687504 0.36129583158261797 0.34476255883267315 0.39730930859375 0.35653708007812507
5 0.6138077881310018 0.5216828210607531 0.60603734765625 0.4681531171875001 0.5918084462439983 0.47021860276737193 0.59957888671875 0.523748306640625
5 0.6085128686492091 0.4253715289749287 0.5845299023437499 0.3994851542968749 0.5752687309601658 0.40806535774382124 0.5992516972656249 0.433951732421875
5 0.6204957547962022 0.5574005167297493 0.6058052617187502 0.523370017578125 0.5913252373912979 0.5296208426452508 0.6060157304687501 0.5636513417968751
5 0.6003715772311602 0.5354219970570973 0.5871094257812501 0.5345612324218751 0.58511223917509 0.565332700208528 0.5983743906250001 0.5661934648437501
5 0.5411247409574408 0.3896007347830317 0.52985611328125 0.370584927734375 0.49922496021443424 0.3887367242013433 0.510493587890625 0.40775253125
5 0.32732459211835646 0.4808094995801601 0.3147008574218751 0.47894811132812504 0.3055441852253937 0.5410476762010901 0.3181679199218751 0.5429090644531251
5 0.33840827776787163 0.5196951355852569 0.3273532265625001 0.5132823417968752 0.3036935835602535 0.5540693331647434 0.31474863476562503 0.5604821269531252
5 0.5988562402602547 0.6345808528746624 0.56415005859375 0.6113604687500002 0.5553862890366202 0.6244591744690879 0.590092470703125 0.6476795585937501