7 0.5276155189501818 0.439969900372705 0.47798085546875 0.41442691601562504 0.4619649029248183 0.4455488242366701 0.51159956640625 0.47109180859375005
7 0.5183617436775291 0.5233355016379311 0.5160129316406251 0.45234913867187504 0.4612934282641618 0.45415970936198774 0.46364224030106577 0.5251460723280438
7 0.5407876807830311 0.5107861357594298 0.4822863046875 0.5027859472656249 0.4750579071075939 0.5556436025218201 0.533559283203125 0.563643791015625
7 0.5224303668349116 0.5747448579744049 0.500073826171875 0.53254688671875 0.43139640855571343 0.5689322728849701 0.45375294921875 0.611130244140625
7 0.45938305444120625 0.576199181721894 0.45549756640625 0.500216302734375 0.40948861548066867 0.5025690331218561 0.4133741035156249 0.5785519121093751
7 0.5746326968144277 0.5486232581541911 0.539054306640625 0.5466466796875 0.5373145219355724 0.577962784814559 0.5728929121093751 0.5799393632812501
7 0.5413552584837134 0.3590157455685527 0.500728244140625 0.3584716328125 0.4998596614381617 0.42332569388457236 0.54048667578125 0.42386980664062507
7 0.487453539436326 0.3289077974224077 0.4549989160156251 0.32004073046875003 0.43683796837617406 0.3865121713275924 0.469292591796875 0.3953792382812501
7 0.5881514032954702 0.35051788188190613 0.530661326171875 0.25665653125 0.4849846982670297 0.28463346577434384 0.5424747753906249 0.37849481640625
7 0.5991820024353443 0.3763985143401493 0.5464405468750001 0.36806406250000007 0.540550741705281 0.4053354876129759 0.5932921972656251 0.41366993945312514
7 0.60589015443717 0.36230725871657476 0.5540263535156251 0.3413521875000001 0.5430952941031857 0.3684065593687017 0.5949590950247305 0.3893616305852764
7 0.5676430246033533 0.3928258939812754 0.5314603357205195 0.38875534177246474 0.5260619029140412 0.43674141458806437 0.5622445917968749 0.44081196679687507
7 0.43232295425390155 0.4714187270756272 0.39924172741918285 0.4421772861401985 0.3434123395715313 0.5053378071114464 0.37649356640625 0.5345792480468751
7 0.4181870544455368 0.40514636539110976 0.36791952148437507 0.40409912500000006 0.3668166916482134 0.45703495101514036 0.4170842246093751 0.45808219140625006
7 0.4826179864912806 0.4797409969773895 0.4588385097656249 0.4300098808593751 0.39056762483684426 0.4626543506788607 0.4143471015625 0.5123854667968751
7 0.4169424441939282 0.5133908540579348 0.3827064160156251 0.5120152988281251 0.38039952064982197 0.5694313393014403 0.41463554882812503 0.57080689453125
7 0.3923333967863709 0.5146532606241159 0.3628821503906251 0.5124652539062501 0.36031254657300427 0.5470529151571343 0.38976379296875013 0.5492409218750001
7 0.443437675341558 0.5958152796389652 0.433885123046875 0.5623354179687501 0.38728419770531697 0.57563170278291 0.39683674999999996 0.6091115644531251
7 0.4066814518017747 0.5494741194995307 0.37120491210937495 0.54136717578125 0.35820912046385034 0.5982376480785945 0.39368566015625006 0.6063445917968752
7 0.40968056688084686 0.586410227824111 0.37844544140625 0.558206142578125 0.30895474171290316 0.635164877644639 0.3401898671875 0.663368962890625
7 0.35802819803831254 0.5423750105581979 0.317897443359375 0.532464671875 0.2916972921960625 0.6385591124886771 0.33182804687500006 0.648469451171875
7 0.3786934348197918 0.5418630657523742 0.35968332617187493 0.5292985722656249 0.32829510228958314 0.5767890299507508 0.3473052109374999 0.5893535234375
7 0.3766079429627901 0.543852499169515 0.35379244921875 0.46486552734375 0.30593766641220993 0.478688446142985 0.32875316015625 0.55767541796875
7 0.3905178018056263 0.4438146086833237 0.3703125 0.43472222265625005 0.3442287685068738 0.4926860690510515 0.3644340703125001 0.501778455078125
7 0.38271185289136833 0.4456761935495086 0.3661916788492042 0.4165593891475039 0.3214187575984609 0.4419624670823704 0.337938931640625 0.4710792714843751
7 0.40806447986026395 0.3992423161619673 0.394722982421875 0.38026011132812493 0.356981490842861 0.4067864299317826 0.37032298828125 0.425768634765625
7 0.48009185138293897 0.4233078142206509 0.47005454101562505 0.3911884179687499 0.4552265451014361 0.39582216624809896 0.46526385546875004 0.42794156249999993
7 0.5071285364589744 0.42625530705747233 0.503109546875 0.402083404296875 0.4665514557285255 0.40816180817690273 0.4705704453125 0.43233371093750006
7 0.463913723270284 0.3503016402720262 0.453024939453125 0.28153305078125 0.43089438415159104 0.2850371917592238 0.44178316796875006 0.35380578125
7 0.4128870339591723 0.3203144658265119 0.4015316718037022 0.2619762965087076 0.33470490737577996 0.2749839400571957 0.3460602695312501 0.333322109375
7 0.45722063830784776 0.2560580660101197 0.405459935546875 0.25288499609375 0.40374005895046483 0.28094048293728885 0.4555007617114376 0.2841135528536586
7 0.44266608478687913 0.28522725208783356 0.39642057031249994 0.28282604296875 0.39215298747874583 0.36501653697466646 0.438398501953125 0.36741774609375
7 0.39606655592511375 0.34194309752619295 0.39279562890625 0.313118048828125 0.3581707936842613 0.31704710755193205 0.361441720703125 0.34587215625
7 0.41098310635698754 0.37138501119749706 0.38773437499999996 0.33215277734375004 0.3272590811430125 0.36798998880250305 0.3505078125 0.4072222226562501
7 0.37342301066394656 0.39759520326409503 0.35917968749999996 0.38958333398437506 0.3332176143360534 0.4357381307202801 0.3474609375 0.4437500000000001
7 0.45392650670567347 0.3514110489585171 0.41691070703125005 0.32149526171875004 0.3640506807943266 0.38690073229148303 0.40106648046875004 0.4168165195312501
7 0.6423671868870007 0.5452824056669437 0.5931818652343751 0.5112777402343753 0.5736191138942495 0.5395738638643067 0.6228044355468749 0.5735785292968753
7 0.5868411603513456 0.47460151346062585 0.545542279296875 0.47281454296875003 0.5432461560549044 0.5258805119299992 0.584545037109375 0.527667482421875
7 0.580040735911138 0.4798032832490092 0.57289529296875 0.41832071484374994 0.5270431488544868 0.42364960542286567 0.5341885917968748 0.48513217382812496
7 0.5550818859529781 0.5010274149956141 0.5228280546875002 0.4622840742187502 0.507803449984522 0.4747920576606363 0.54005728125 0.5135353984375002
7 0.5348703879595282 0.45485534198080907 0.522054140625 0.4130838632812501 0.5023857819623466 0.4191184724723161 0.515202029296875 0.4608899511718751
7 0.5351922890806433 0.4490658619842086 0.5114805761718751 0.4483989687500001 0.5107309882631069 0.47505093098454154 0.5344427011718751 0.47571782421875003
7 0.6066864321728911 0.4441102525366425 0.565041919921875 0.3993809609375 0.5454089076708589 0.41765997207273253 0.587053419921875 0.46238926367187505
7 0.631364271691738 0.4651855693474119 0.592382525390625 0.40719911914062495 0.578523745886387 0.41651576854321315 0.6175054921875001 0.4745022187500001
7 0.6234446735675712 0.49928519781327263 0.5854523554687501 0.4399301953125001 0.5586600451824288 0.4570795834367274 0.59665236328125 0.5164345859374999
7 0.5285365802389057 0.24929021940620633 0.4729847669077906 0.2272129020773468 0.429817264793885 0.33583266704614056 0.485369078125 0.3579099843750001
7 0.4687695932806098 0.43848379165667667 0.465751771343961 0.39672468946327233 0.4118818636102262 0.40061772788472066 0.414899685546875 0.442376830078125
7 0.4504462478594704 0.39288378715982614 0.4369268691406249 0.3710837890625 0.3980338165936545 0.3952035116682989 0.4115531953125 0.41700350976562506
7 0.46893853101118643 0.46797705471131296 0.4462084394555871 0.4671695389932003 0.4444083889131507 0.5178376717818874 0.46713848046875006 0.5186451875000001
7 0.4821261228315708 0.4634878464818648 0.46932950390625 0.42673858007812493 0.4525839566399954 0.4325696185730975 0.4653805755653162 0.4693188849768374
7 0.6300450472085602 0.46211024805073936 0.5987016640625 0.45730188867187505 0.5895469254476897 0.5169772285117606 0.6208903085937499 0.521785587890625
7 0.35196129093765743 0.4633288865934938 0.33246829687500007 0.45431904296875003 0.29690378718734267 0.5312636387971312 0.31639678125000004 0.5402734824218751
7 0.5878472979350786 0.5161432621032281 0.5587413574308353 0.5141673201805148 0.5562838954332568 0.5503661283897868 0.5853898359375002 0.5523420703125002
7 0.5933011466075937 0.6170900475498261 0.5600234921875 0.5986024609375 0.5488390873988922 0.6187343886603744 0.5821167418189859 0.6372219752727006
7 0.6044050622781685 0.5826087302994855 0.5845703125000001 0.573611111328125 0.5673679709249566 0.6115327150130145 0.5872027207031251 0.620530333984375
7 0.5924780390832931 0.5598033930759626 0.5742874355468751 0.5514315820312501 0.554277988260457 0.5949089037990376 0.572468591796875 0.6032807148437501
7 0.6175455062875207 0.5626662744632416 0.5861887695312501 0.5503436269531251 0.5777581223574489 0.571796612920374 0.6091148591137195 0.5841192604304903
7 0.47729465077949296 0.5324928027717964 0.45964680273437486 0.523373892578125 0.4255245035173818 0.5894108573844538 0.4431723515624999 0.5985297675781251