5 0.5174193810258196 0.6201248241955056 0.5163040234375 0.5517162187499999 0.46264980842730535 0.5525910156482442 0.46376516601562495 0.62099962109375
5 0.5713510234841047 0.5712356325219763 0.49957031250000006 0.5074305546875001 0.46974272554606783 0.5409865892722048 0.5415234365301725 0.604791667106681
5 0.533997264394421 0.4858705274244375 0.4958997539062501 0.48382958789062513 0.49353784693370417 0.5279184862474378 0.5316353574218751 0.5299594257812501
5 0.507701605232225 0.40415630854768947 0.47406757812500006 0.38372363671875004 0.4310372014084001 0.45455553129606063 0.46467122851562503 0.47498820312500006
5 0.4626351377273399 0.3190114772462731 0.45813298437499994 0.2708947207031249 0.398784707975785 0.2764477766599769 0.40328686132812497 0.32456453320312506
5 0.5381222215556403 0.3009509093825208 0.47747627734375003 0.2491436953125 0.44689507727248473 0.2849422956956042 0.507541021484375 0.336749509765625
5 0.5600990684738135 0.3037109923652199 0.530624201171875 0.21917271093749996 0.4866537284011865 0.234503325994155 0.516128595703125 0.31904160742187493
5 0.5012209941056903 0.5595059871322539 0.471424279296875 0.480048076171875 0.42576217801010585 0.4971713631192444 0.45555889281892115 0.5766292740796234
5 0.46885974217911347 0.5874802274775157 0.4385527812500001 0.58558604296875 0.4336697929771367 0.6637138779912344 0.46397675390625004 0.6656080625
5 0.3609366095796426 0.5258249353693861 0.3591360156250001 0.48878414453125013 0.3292009665922325 0.490239320489989 0.331001560546875 0.527280111328125
5 0.36956499022763956 0.4679304625745337 0.34975239836451155 0.4494990370414747 0.3066366659493719 0.495845664310691 0.3264492578124999 0.51427708984375
5 0.40821213121916977 0.4592066315445246 0.38256293554687504 0.43674329296875003 0.33485558167145535 0.4912167297836004 0.3605047773437501 0.5136800683593751
5 0.4010176208137147 0.41784051683319984 0.378763913132704 0.4016138547907738 0.34511571028773924 0.4477599610044489 0.3673694179687499 0.463986623046875
5 0.4452521815086808 0.4267475794436889 0.41656376171875004 0.3980031269531251 0.36288411731944425 0.4515781314938112 0.391572537109375 0.480322583984375
5 0.4525382384197632 0.47005874205686565 0.44364343164062503 0.44209896093749995 0.4009809510333618 0.45567111731813426 0.40987575781249996 0.48363089843749996
5 0.46216726264963204 0.5141690438995042 0.455995162109375 0.47289311718750004 0.408939327194118 0.47992950297549586 0.41511142773437504 0.5212054296875
5 0.44677609982362576 0.4129857725976922 0.44014308789062495 0.36974926953125 0.3798612419732491 0.3789972469335577 0.3864942539062499 0.42223374999999996
5 0.41504334437579055 0.36454887289616555 0.3948739687499999 0.35193565625 0.3619392376554594 0.40460049038508444 0.38210861328125 0.41721370703125
5 0.41469546036496696 0.29162753341176617 0.356606521484375 0.28250891992187505 0.3431864224475331 0.36799991190073394 0.4012753613281251 0.37711852539062507
5 0.5164480077830518 0.33808957651682914 0.47463966430931037 0.2854324021477895 0.39010850027625854 0.35254781391221046 0.43191684375 0.4052049882812501
5 0.6025108535846379 0.3856643538271226 0.5217601093750001 0.29953022851562505 0.4857933729778622 0.3332490446103775 0.5665441171875 0.4193831699218751
5 0.39537498174047736 0.6100030168133421 0.37591888867187495 0.5778341367187501 0.32960168818139757 0.605847289827283 0.34905778125 0.638016169921875
5 0.3738101587602375 0.6295458297273947 0.3521484375 0.617361111328125 0.32130702873976247 0.6721902816007301 0.34296874999999993 0.684375
5 0.35314105321079936 0.6036775310164413 0.3129465585937501 0.5884490136718751 0.302577938329605 0.6158161855352684 0.34277243294665427 0.6310447028798345
5 0.3618776524850374 0.599672451190164 0.35760846874999996 0.5431716503906251 0.3174459764212125 0.5462063163879612 0.3217151601562499 0.6027071171875001
5 0.3914062500000001 0.548611111328125 0.35507812500000013 0.548611111328125 0.35507812500000013 0.595833333984375 0.3914062500000001 0.595833333984375
5 0.38523889851150356 0.5484663403436671 0.38493722265625 0.5071704609375 0.3485603085054792 0.5074362026251871 0.34886198436073274 0.5487320820313543
5 0.43263300778101466 0.4811157943173623 0.39002101984630677 0.46242791139098505 0.35239719761216703 0.5482175037923729 0.3950091855468749 0.5669053867187501
5 0.43045612376723985 0.5477433488875642 0.4261933203125 0.521900099609375 0.39586241138901024 0.526903135487436 0.4001252148437501 0.5527463847656251
5 0.360958789831096 0.3302829871995411 0.339972453125 0.3216261230468751 0.31959350509077905 0.371029631941084 0.34057984179687506 0.37968649609375005
5 0.38307929859071477 0.2343054769132507 0.351119904296875 0.23009805664062502 0.3400490549249102 0.3141917808992493 0.37200844921875 0.31839920117187503
5 0.3974397764619608 0.253325772685151 0.380439853515625 0.24444634765625006 0.35926131338178924 0.2849932917679741 0.376261236328125 0.29387271679687504
5 0.41935667435625684 0.2594172322762489 0.39610154687500004 0.24932616796875007 0.3729091908781182 0.3027735724112512 0.396164318359375 0.31286463671875003
5 0.42589341868763525 0.2259314946777119 0.3853035350566348 0.2238558749949061 0.3829308644158746 0.2702547533640693 0.42352074804687506 0.27233037304687513
5 0.5220624926317066 0.49470352136305223 0.501009189453125 0.41855670703125 0.4600154839307935 0.4298907716056978 0.481068787109375 0.5060375859375
5 0.6175053224728878 0.5815177818929912 0.5608899921875 0.5647428671875001 0.548626434649984 0.6061323688720034 0.6052417649353717 0.6229072835774946
5 0.6075916286659614 0.5810395528803619 0.589196197265625 0.5256960390625 0.5668672990684136 0.533117861182138 0.58526273046875 0.588461375
5 0.5381936839548526 0.41874868325329084 0.521894 0.347068201171875 0.47581425159202234 0.3575464417467091 0.49211393554687494 0.42922692382812494
5 0.37099466358990696 0.4202876062564365 0.36543283984375 0.386320755859375 0.32143559422259305 0.39352498358731347 0.32699741796875 0.427491833984375
5 0.3770358039193871 0.35326700335406047 0.34639519338086194 0.3500353767493976 0.34157563360209975 0.39573194761408714 0.37221624414062493 0.39896357421875
5 0.33233076340581985 0.5272589748766148 0.32485917578125 0.48321593554687486 0.2974305315160552 0.48786900949838524 0.30490211914062504 0.531912048828125
5 0.32813336043552754 0.47088003783219856 0.3146559868459341 0.46278504796602327 0.28988514789478154 0.5040260941181998 0.303362521484375 0.5121210839843751
5 0.3429221754559555 0.4386029993488104 0.3290911826530505 0.42810008912940634 0.3025837337595951 0.463007017514971 0.3164147265625 0.473509927734375
5 0.35055792906583444 0.45031981629748913 0.3378902588488261 0.44147428842232156 0.31090655829861663 0.48011761470295744 0.32357422851562495 0.488963142578125
5 0.3590432549842678 0.5386027975807545 0.34630125516267735 0.5082267815422478 0.30117260174090954 0.5271571538833684 0.3139146015625 0.5575331699218751
5 0.32938474809739915 0.547636513656089 0.3064768066932315 0.5438252457775549 0.2998824843770824 0.5834609664964658 0.32279042578125006 0.5872722343750001
5 0.43849782833695256 0.6285165590606311 0.3930078125 0.624861111328125 0.38831556619429747 0.683253509298744 0.43380558203125 0.68690895703125
5 0.5406847614948529 0.40056744919520765 0.504876408203125 0.3987363398437501 0.5026778146770222 0.4417310488516676 0.5384861679687502 0.4435621582031251
5 0.5410433867584364 0.4850581720336717 0.535818861328125 0.43490274023437503 0.5024569023040634 0.43837794515382833 0.507681427734375 0.48853337695312504
5 0.5871243976674454 0.48311965656012884 0.52854266796875 0.47010149609375 0.5197926687388047 0.5094764977367463 0.5783743984375 0.5224946582031251
5 0.5750935708054771 0.5613322079822922 0.541441783203125 0.5038529042968749 0.5162393491163979 0.5186079013927076 0.54989113671875 0.5760872050781249
5 0.559375 0.570138888671875 0.54453125 0.570138888671875 0.54453125 0.615625 0.559375 0.615625
5 0.5468782420854412 0.5922766403746575 0.5255859375000003 0.5909722226562502 0.523319742289559 0.6279638381409677 0.5446120468750001 0.6292682558593751
5 0.5327121003141911 0.2597546677500062 0.48968692968749994 0.22405971093750016 0.46839276882643366 0.24972677951561906 0.5114179394531249 0.2854217363281251
5 0.5863242833848618 0.36561475598943693 0.5608173085937501 0.297596154296875 0.544835572966808 0.30358930495876524 0.5703425477579196 0.37160790665132715
5 0.6075696691648111 0.4672778755922292 0.57612473046875 0.38156130273437505 0.5460516413820639 0.3925935501890209 0.5774965800781249 0.4783101230468751
5 0.572637466606129 0.4453084352167976 0.537081048828125 0.4233218574218751 0.523271179878246 0.44565500423632765 0.55882759765625 0.46764158203125006
5 0.5679673940287547 0.42708195705232405 0.5483443515625002 0.40714743554687494 0.5374082075337453 0.4179127011508008 0.55703125 0.4378472226562499
5 0.3534623905251462 0.3806584838206676 0.34134725 0.3717734082031251 0.31201852939672875 0.41176424078870755 0.324133669921875 0.42064931640625003
5 0.3248380917962947 0.39451989365300827 0.315826283203125 0.3938440078125 0.3140350664068303 0.41772689150324177 0.323046875 0.41840277734375003
5 0.31565001932275905 0.5293632363354422 0.30240094140625007 0.5289709941406251 0.30192055294286607 0.5451974589770578 0.31516963085937505 0.545589701171875
5 0.593862369832716 0.61583190659974 0.545845650390625 0.60160473046875 0.537081464151659 0.6311838590252601 0.58509818359375 0.6454110351562501
5 0.4908182233272879 0.4864367363985185 0.4657566113281251 0.4465726484375001 0.44573045352703167 0.45916262157662696 0.47079206552619446 0.49902670953764533
5 0.5108100338457947 0.31671491225899284 0.46437230664062495 0.28369252929687505 0.44751431966983024 0.3073990740691323 0.493952046875 0.3404214570312501
5 0.4743898699995545 0.2611916923220268 0.42164857031249997 0.23642428906250001 0.4057745163663029 0.2702275193669451 0.45851581605335745 0.294994922626472
5 0.48492985602044514 0.27297543340052544 0.47488824609375 0.24551120703125004 0.4620385795264299 0.25020936738072463 0.472080189453125 0.27767359375000006
5 0.43289648756499377 0.22422000232041875 0.38207701757812496 0.22060617382812503 0.3796489987533044 0.2547501931302714 0.4304684687401732 0.2583640216225651
5 0.5452596430953781 0.28279965854774447 0.5246485173377404 0.28022326754807697 0.5194920090079873 0.3214753297034576 0.540103134765625 0.32405172070312505
5 0.5744611953125 0.549524408203125 0.5510400625 0.549524408203125 0.5510400625 0.578807974609375 0.5744611953125 0.578807974609375
5 0.5137372772419356 0.3538524254770896 0.4958812578125 0.3358949511718752 0.45396387900806445 0.3775755081166607 0.47181989843750005 0.3955329824218751
5 0.4025968067664198 0.6043714411685963 0.37970739185653307 0.5942667789783243 0.3550582569651133 0.650102814372228 0.377947671875 0.6602074765625001
5 0.599111360274617 0.5251493105213375 0.5701262109375 0.46268972851562495 0.5538146533972581 0.47025931057241244 0.582799802734375 0.532718892578125
5 0.5798695189400421 0.48139670630466763 0.5572590000000001 0.45172787890625005 0.5437244244193329 0.4620425358828324 0.566334943359375 0.49171136328125
5 0.45026938191249855 0.6505536965319689 0.4244990800781249 0.5474724843750001 0.38119277824375136 0.5582990593274062 0.406963080078125 0.6613802714843751
5 0.5646144698579744 0.40326943448106384 0.562695068359375 0.372499033203125 0.5298991258451506 0.37454478426893617 0.53181852734375 0.405315185546875
5 0.5633699485297866 0.31575978790879605 0.5280532578125 0.3092196601562501 0.5236302936577135 0.33310366716932915 0.5589469843750001 0.33964379492187513
5 0.5761081764785116 0.44840302216089767 0.560388462890625 0.41710332421875007 0.5464867660975277 0.4240852028418937 0.5622064796854143 0.4553849007840413
5 0.5476406363492026 0.4308304139726755 0.5404675820312499 0.392574125 0.5300145609164222 0.3945340664960746 0.5371876152343749 0.4327903554687501
5 0.47830968813141517 0.38489954476159005 0.4602098281250001 0.3742093144531251 0.43953672007171 0.40921140055091004 0.4576365800781251 0.41990163085937504
5 0.36313380332838097 0.4614689710419579 0.36177160351562504 0.4267580703125 0.3443085676918416 0.4274433923188264 0.3456707675045975 0.46215429304828426
5 0.35266811776504575 0.45178493865731956 0.35065214648437504 0.42908658203125 0.3321439933909687 0.4307303972954666 0.3341599646716394 0.45342875392153614
5 0.322103829125301 0.47623191291082556 0.30980753125 0.45437182812499993 0.29779364743719905 0.4611296378704244 0.31008994531250006 0.48298972265625