5 0.4441009057388151 0.4783973013582722 0.3986177890625 0.45952891406250007 0.3614173384018099 0.549202313876103 0.406900455078125 0.5680707011718751
5 0.47833617649885574 0.474686619475331 0.43688844726562504 0.3862647988281251 0.3899175363917693 0.40828241372779417 0.431365265625 0.49670423437500005
5 0.48896843735655937 0.46797779372955756 0.486869123046875 0.4119960664062501 0.4488236660859264 0.41342277072631034 0.45092298039561074 0.4694044980496178
5 0.5726821387788776 0.3238475908325044 0.455629322265625 0.25524520703125003 0.4161552431815964 0.32259785398063984 0.533208059694849 0.3912002377818942
5 0.4580989394893359 0.6138742611935716 0.4562655976562501 0.5415183964843752 0.3971994921512892 0.5430150044314286 0.399032833984375 0.615370869140625
5 0.4276306337079782 0.5894205398025423 0.38964843750000006 0.5680555546875001 0.3456115537920219 0.6463433488693329 0.38359375000000007 0.6677083339843751
5 0.5191156532222809 0.5695317271942923 0.4483379316406251 0.48887335546875005 0.40947860654334417 0.5229724134307078 0.480256328125 0.6036307851562501
5 0.4815068543101371 0.4606140298729331 0.44488297460937504 0.45512044726562506 0.4366401886586131 0.5100723470801921 0.4732640683593752 0.5155659296875001
5 0.4389657777801209 0.2860137164872601 0.3823579621197281 0.2583251109510559 0.3305274187146073 0.3642897772762959 0.3871352343750001 0.3919783828125001
5 0.4285261518018826 0.4433674534412502 0.42438753710937505 0.379251767578125 0.3771968657843467 0.3822978865280493 0.3813354804768542 0.4464135723911745
5 0.41780151427923445 0.3564944721594569 0.39565936719229944 0.3553955057626751 0.39416837439744 0.3854362621188432 0.41631052148437503 0.386535228515625
5 0.48542349477543356 0.2782578362558064 0.422386869140625 0.21238362695312507 0.3886536536620664 0.24466375749419372 0.4516902792968749 0.31053796679687506
5 0.4744936737813733 0.23678889007763132 0.4709169785156249 0.193338671875 0.44989422465612655 0.19506920367236869 0.45347091992187494 0.238519421875
5 0.5752796550149928 0.3346828104345118 0.569888529296875 0.248424796875 0.533485589125632 0.2506999805811132 0.5388767148437499 0.336957994140625
5 0.5593327823444852 0.28446714870385764 0.503577162109375 0.2394121015625001 0.48095510242113976 0.26740690012426754 0.53671072265625 0.3124619472656251
5 0.5367342097144514 0.25617505775384297 0.5249849763432979 0.2231303411803691 0.47662216116009654 0.2403260099890261 0.48837139453125 0.2733707265625
5 0.5199835411400238 0.27338547612961117 0.5091228691406249 0.17298459570312502 0.4635770936256012 0.17791142230788884 0.47443776562499995 0.278312302734375
5 0.5258714502577597 0.3907310470051738 0.48500901367187504 0.38785790625000005 0.48111172161724036 0.4432860467448263 0.521974158203125 0.44615918750000005
5 0.40313404583119666 0.4786721928161231 0.38168637890625 0.45547159179687513 0.32985310455942835 0.5033885747620022 0.351300771484375 0.5265891757812501
5 0.37790266454522303 0.41095578160952695 0.35132688671875 0.3898740351562501 0.30123172217352706 0.45302430432797325 0.3278075000000001 0.4741060507812501
5 0.39139854727552814 0.3989577996667308 0.379294998046875 0.357610154296875 0.31155772420884686 0.3774386456457692 0.32366127343750006 0.418786291015625
5 0.3926801277683571 0.3928896726658544 0.37089843749999996 0.354166666015625 0.3551714338970731 0.3630131051473411 0.37695312416543025 0.4017361117975704
5 0.4140890206988148 0.2722888076212854 0.3911046171875 0.23853979296875003 0.3206900769574352 0.2864948583943397 0.34367448046875 0.32024387304687507
5 0.4401638856985566 0.26869719948998383 0.3950848984375 0.262686666015625 0.38979127420182536 0.30238883563215047 0.434870261462882 0.3083993691065093
5 0.4408692126607804 0.306418274528606 0.41404180664062507 0.3060589785156251 0.4131073049173447 0.37583503015889413 0.43993471093750003 0.37619432617187504
5 0.47665502197937204 0.3813264767692321 0.47169773828125 0.31803350585937495 0.42298056981750304 0.3218491716682679 0.4279378535156251 0.385142142578125
5 0.6244188448320058 0.5539358940475408 0.55865436328125 0.5441930078125 0.5500679539961191 0.6021512700149593 0.615832435546875 0.6118941562500001
5 0.6265625 0.504166666015625 0.585546875 0.504166666015625 0.585546875 0.5538194453125 0.6265625 0.5538194453125
5 0.5910429303428221 0.5485145352604567 0.5908570078125 0.5184364023437499 0.5663344212196779 0.5185879842707933 0.56652034375 0.5486661171875001
5 0.5688997191696283 0.5147344973865672 0.5376154609375 0.5138083183593751 0.5361298472366218 0.5639890299571831 0.5674141054687502 0.5649152089843752
5 0.5548917811775455 0.5336678638977133 0.544389423828125 0.48076709375000004 0.5157392285880796 0.486454999383537 0.5262415859375 0.5393557695312502
5 0.5807725258828019 0.4662679784369991 0.523203125 0.43215277734375024 0.500868099117198 0.46984313289112634 0.5584374999999999 0.5039583339843752
5 0.5538898045674384 0.5657450614978589 0.503620662109375 0.54678834765625 0.4888012520731866 0.5860862470958912 0.53907039453125 0.6050429609375001
5 0.3567967495877745 0.6353787244650371 0.33083119629608687 0.6123563018747317 0.28547676506768743 0.6635087336596948 0.3114423183593751 0.68653115625
5 0.33865829154617544 0.6307777899786177 0.32613833984374996 0.579585099609375 0.2929661869694494 0.5876978545526323 0.3054861386718749 0.638890544921875
5 0.31043796835767673 0.6068815118430427 0.304442888671875 0.56306561328125 0.28529128753759064 0.5656860177161562 0.2912863672233923 0.6095019162779489
5 0.34954325506302314 0.5765434825336702 0.34029994726562507 0.54222770703125 0.297545643374477 0.5537440194194548 0.30678895117187505 0.588059794921875
5 0.3790814452672544 0.562737147187814 0.33423090039062503 0.556196443359375 0.3192606582483707 0.6588495422653111 0.3641112031250001 0.6653902460937501
5 0.40225371255117576 0.6831416600678993 0.36707382421875007 0.6194520761718753 0.3417488479956993 0.633440703213351 0.376928736328125 0.6971302871093751
5 0.5503488567674397 0.44729859821800355 0.54848805078125 0.4042933007812499 0.5120178697950601 0.4058713373288713 0.5138786757812499 0.44887663476562495
5 0.5417404540174433 0.4527980532376893 0.4761611152343751 0.43679612109375004 0.4646055083136285 0.48415346858672953 0.5301848470966968 0.5001554007306688
5 0.5387308254853591 0.5341109188253151 0.48172305078125005 0.4795393730468751 0.45186371264320263 0.5107317169159418 0.5088714873473117 0.5653032626943819
5 0.5170096025498327 0.6229469618900746 0.49728800781250004 0.5493196757812501 0.47512446580954226 0.5552563388911755 0.49484606054687497 0.6288836250000001
5 0.423443410902289 0.44086704238004515 0.3940547848937657 0.4360049547115721 0.38721791305397674 0.47733005686277696 0.4166065390625 0.48219214453125003
5 0.4886902677249155 0.41138513968288676 0.48735972070312494 0.36644221875 0.44561998807668735 0.3676779345375736 0.4469505350984779 0.41262085547046035
5 0.5154834818581937 0.39650493581731994 0.4892976875000001 0.34831899023437496 0.4719652661886813 0.3577379860576801 0.49815106054687497 0.40592393164062507
5 0.5979448867279374 0.49695774734790843 0.5604589863281249 0.426084935546875 0.5383135460585926 0.4377980558134195 0.5757994464584053 0.5086708676144529
5 0.5719020333839133 0.4273717937733368 0.54852715234375 0.42359403515625005 0.5453751189598367 0.4430972413829134 0.56875 0.44687500000000013
5 0.3710937500000001 0.520138888671875 0.3449218750000001 0.520138888671875 0.3449218750000001 0.546875 0.3710937500000001 0.546875
5 0.3345199987771556 0.40750436694850306 0.31826963671875 0.39470720703125006 0.2863784387228444 0.43520396703587205 0.30262880078125 0.44800112695312505
5 0.3047363971939425 0.5566169770616654 0.300401994140625 0.527506904296875 0.2818563545170379 0.5302682947495787 0.28619075757035534 0.5593783675143691
5 0.32007896021167137 0.4965788760004288 0.2982421875 0.48750000000000004 0.2788589987727036 0.5341210009526962 0.300695771484375 0.543199876953125
5 0.5402249614262736 0.3515974151353695 0.49447001757812503 0.32656906835937494 0.47878263968640916 0.35524755443695266 0.5245375835345577 0.38027590121294724
5 0.6028282410194953 0.4344779361755712 0.5814575117187499 0.341871443359375 0.5366673097617547 0.35220764390255394 0.5580380390624999 0.4448141367187501
5 0.6214385009994732 0.46744600893535 0.5943441953124999 0.4066442148437501 0.5718734727065122 0.41665754810784084 0.5989677783934855 0.47745934219944075
5 0.6066942957308654 0.48370402497734166 0.583467548828125 0.4306143164062499 0.5670376752860402 0.43780238589612136 0.5902644221887806 0.4908920944672131
5 0.6193463518750522 0.4831059853467322 0.600307904296875 0.47008211328125 0.5768246949999478 0.5044101416063929 0.595863142578125 0.517434013671875
5 0.6210000699602531 0.5076197182440136 0.610378318359375 0.4660768652343751 0.5999786331647466 0.4687358755059865 0.6106003847656248 0.5102787285156251
5 0.3603568381695401 0.3791968807034059 0.34399361132812495 0.285461857421875 0.2866359430804598 0.2954747267184692 0.302999169921875 0.3892097500000001
5 0.34010742311328673 0.3637096853480769 0.32602070507812503 0.35376281445312513 0.3026074557929633 0.3869205626987983 0.316694173828125 0.3968674335937501
5 0.4193313297753127 0.24350634835098012 0.406462353515625 0.202486484375 0.3280037698340624 0.22710094071151984 0.34087274609375 0.2681208046875
5 0.44183534087296333 0.23946316659453332 0.421556984375 0.21237254882812506 0.3615313856895367 0.25730398965546675 0.3818097421875 0.284394607421875
5 0.3907001177802133 0.46345797786220855 0.382242935546875 0.42568049023437504 0.33553564589166174 0.4361367721377915 0.343992828125 0.47391425976562507
5 0.5575227102631816 0.6062402849873967 0.556620212890625 0.5597115 0.5381330943864489 0.560070086107088 0.5390355917590054 0.6065988710944846
5 0.6198006729676484 0.6119459025883096 0.561823193359375 0.60011807421875 0.5558654617979765 0.6293215974116904 0.6138429414062498 0.64114942578125
5 0.6250993353363404 0.597228192871556 0.6103515625 0.544791666015625 0.5987678521636596 0.548049584472194 0.613515625 0.600486111328125
5 0.5434245193716465 0.4041947952358518 0.514048228515625 0.3624151855468751 0.49515719742522857 0.37569794304539833 0.52453348828125 0.41747755273437503
5 0.569219649783617 0.4117325089862509 0.5321353359375 0.369538802734375 0.513302195919508 0.38609136796687415 0.5503865097656251 0.42828507421875006
5 0.5742085291892934 0.3354229790666621 0.543136138671875 0.32254429101562504 0.5156346817482066 0.38889701312083813 0.546707072265625 0.4017757011718751
5 0.36949040261684024 0.474700528889635 0.3204890449218751 0.4658802851562501 0.3046894176956598 0.5536559984541152 0.353690775390625 0.5624762421875
5 0.3467525968582665 0.53612902103012 0.305665310546875 0.520677388671875 0.2962617896184834 0.5456822003165052 0.33734907592987484 0.5611338326747501
5 0.3466685515681238 0.45373887788032113 0.3069890273437501 0.4462989667968751 0.29492583515062637 0.510635989307179 0.3346053593750001 0.518075900390625
5 0.3242219326379773 0.41497361516939685 0.312206248046875 0.414635673828125 0.3109704345495228 0.4585756817056031 0.322986119140625 0.45891362304687494
5 0.3523827829862729 0.2579149596300266 0.34157214257812507 0.253536650390625 0.32478526193560214 0.29498573958872354 0.33559590234375 0.29936404882812506
5 0.5832886352826266 0.3378734996732916 0.55421643359375 0.3311321171875001 0.5489666010454983 0.35377201204545855 0.578038802734375 0.3605133945312501