5 0.5167530442878582 0.616132879578799 0.5152494160156251 0.54166748828125 0.458365557274642 0.5428161047962009 0.459869185546875 0.6172814960937499
5 0.5365349651179323 0.4717719582633776 0.4966591699218751 0.4701104667968751 0.4947795173039428 0.5152221296272476 0.5346553125000001 0.51688362109375
5 0.5775477356268217 0.5731576937992434 0.503625767578125 0.4918044179687501 0.46713656124817826 0.5249604761226319 0.5410585292968749 0.6063137519531252
5 0.4968091829748876 0.4788632387100356 0.452356546875 0.460278732421875 0.4128575787438625 0.5547570698837143 0.45731021484375006 0.573341576171875
5 0.4698670573530126 0.6615192967247345 0.45734018164062495 0.5744638320312498 0.4206008996782373 0.5797504435096404 0.43312777539062497 0.666805908203125
5 0.4406621698352008 0.39444785367491375 0.430174537109375 0.350668884765625 0.3657013399304242 0.36611399984071125 0.37618897265625006 0.40989296875
5 0.5573026233992661 0.39075280344247854 0.5266478281249999 0.36742360351562503 0.48538023597573393 0.4216496203856466 0.51603503125 0.44497882031250013
5 0.5453423808819163 0.40003272732122996 0.5162887871093751 0.31760008203124995 0.46769818552433373 0.3347259621318949 0.4967517792968751 0.41715860742187494
5 0.5910708165923663 0.4027742917991212 0.5686914696154629 0.39454342733434555 0.5540222506793465 0.4344283679570993 0.5764015976562499 0.442659232421875
5 0.5778366544608582 0.41303659875822163 0.5552333164062498 0.38146368359375005 0.5419951541328916 0.3909410047574035 0.5645984921874999 0.4225139199218751
5 0.5621584341283778 0.40792436384348735 0.5398425253906249 0.36519988671875 0.526210964309122 0.37231994279713776 0.5485268730468749 0.41504441992187513
5 0.5862838107176864 0.5024342600554672 0.580341419921875 0.451041853515625 0.5242833025635636 0.4575237301789078 0.530225693359375 0.50891613671875
5 0.5821169385110445 0.556057386425358 0.5479019785156252 0.4830654726562501 0.5153347782858306 0.49833134794964223 0.54954973828125 0.5713232617187501
5 0.590117508952679 0.5895594146799328 0.5487500976562502 0.55613120703125 0.5284155437816962 0.5812952200856922 0.569782955078125 0.614723427734375
5 0.55675641685101 0.6256045073755989 0.550711908203125 0.57993488671875 0.535667760883365 0.5819260238744012 0.54171226953125 0.62759564453125
5 0.6433701307088628 0.572202146096113 0.578621228515625 0.5518887578125001 0.5635138202880033 0.6000436044617277 0.6282627224812412 0.6203569927453405
5 0.6296036545860755 0.5724302112265375 0.614774478515625 0.5109165937500001 0.5886874411170495 0.5172054333047127 0.6035166171875 0.5787190507812501
5 0.5571664022579881 0.20058417312712928 0.5169408458543763 0.197664577994219 0.5089288771901382 0.3080517661952148 0.5491544335937502 0.3109713613281251
5 0.6008865360319585 0.34888563826859087 0.577469236328125 0.270521873046875 0.5585678057649164 0.27617015274703427 0.5819851054687499 0.3545339179687501
5 0.5914089487249722 0.27911677783644673 0.5092885878906249 0.27471747656250006 0.5043486723687778 0.36692931200730333 0.586469033203125 0.37132861328125
5 0.5361081129302103 0.43133916126366795 0.49747038169147634 0.3980507998154315 0.4408186418081409 0.4638063553486386 0.4794563730468749 0.49709471679687506
5 0.54273400390625 0.4243896894531251 0.506945162109375 0.4243896894531251 0.506945162109375 0.4741387207031251 0.54273400390625 0.4741387207031251
5 0.5668796193345587 0.45589981811951463 0.56372932421875 0.40437497265625005 0.5285231755873161 0.4065275217242355 0.5316734707031248 0.4580523671875001
5 0.5982651306012117 0.46504781824648256 0.5598962480468751 0.41957358984375004 0.5380452932269134 0.43801033409726764 0.57641417578125 0.48348456250000016
5 0.5931331522324763 0.5742220785469685 0.5914285546874999 0.5348269648437499 0.5565543301893986 0.5363359468436563 0.558258927734375 0.5757310605468748
5 0.44719025650479116 0.5626748594758021 0.3919913359375 0.543987724609375 0.35719372982333386 0.6467744979460729 0.412392650390625 0.6654616328125
5 0.43952157788158275 0.6865448019511899 0.4227642636718749 0.610922056640625 0.38205758227466713 0.6199422878925601 0.39881489648437496 0.695565033203125
5 0.39106983689700925 0.6291250822813881 0.36860245507812506 0.608789548828125 0.31744521388424085 0.665309790765487 0.33991259570312504 0.68564532421875
5 0.3950445394778197 0.5915593622712679 0.36762495800842915 0.5631476239887403 0.3168297036868595 0.6121690742174724 0.34424928515625 0.6405808125
5 0.3436850567366773 0.5967390567959925 0.3124250761718751 0.5962872402343751 0.3120466815159413 0.6224673553411985 0.3433066620807435 0.6229191719028159
5 0.3921029547090012 0.4149059126630721 0.3716726904339575 0.3924691063540897 0.33465356775620636 0.4261775784566427 0.35508383203125005 0.4486143847656251
5 0.43652705691550486 0.4071046863170652 0.40568369726562503 0.38073361328125005 0.3519901911313702 0.44353303438605995 0.38283355078125003 0.46990410742187505
5 0.35683900437474353 0.45581721484557686 0.35280614062499993 0.41614578515624995 0.33572456789088134 0.41788224023254805 0.33975743164062494 0.45755366992187496
5 0.37329896573456867 0.3881340968644449 0.35760794921874994 0.33592011328124993 0.33246032864898084 0.3434773173598292 0.34815134516479956 0.3956913009430241
5 0.3465721626051836 0.36595399650355137 0.34065004492187495 0.316637654296875 0.32400540770731634 0.3186364136526987 0.329927525390625 0.36795275585937504
5 0.3635533096031911 0.4218379732347192 0.35845218164062503 0.370448826171875 0.31917922947836624 0.3743472437541405 0.3242803574409323 0.42573639081698467
5 0.35129816326471697 0.5334187133637186 0.339037458984375 0.50555626171875 0.29794046759465803 0.5236407456206564 0.31020117187499996 0.551503197265625
5 0.32377020875670676 0.5472101864518101 0.3028987460937501 0.5460361660156251 0.30106735179016847 0.5785942686263151 0.3219388144531251 0.5797682890625001
5 0.3520010961659131 0.5971254193973372 0.347084568359375 0.5398266425781248 0.3129016518809619 0.5427597114620375 0.3178181796875 0.6000584882812499
5 0.3885825889314306 0.5342619046582535 0.350531654296875 0.529041501953125 0.34197257708419443 0.5914276637011215 0.38002351171875004 0.59664806640625
5 0.4003718614979236 0.45243743267108716 0.37609577151624246 0.4273687480160151 0.3237324959558189 0.47807645792305303 0.34800858593749995 0.503145142578125
5 0.36735317871246326 0.4967277301758026 0.3493359375 0.47645833398437504 0.31081088378753685 0.5107028264648226 0.3288281250000001 0.5309722226562501
5 0.38641096957676335 0.5382542071303678 0.38121208178562566 0.4975788281563941 0.33606655166198723 0.5033490643854014 0.34126543945312493 0.544024443359375
5 0.4230686925769104 0.46730414012141525 0.3784857812499999 0.450229833984375 0.34292035039183955 0.5430951274567097 0.38750326171874994 0.56016943359375
5 0.42218647177594915 0.5580646759855915 0.418851650390625 0.512612298828125 0.39047181142717585 0.5146945154206585 0.39380663281250006 0.560146892578125
5 0.5087275940529065 0.2865376492687063 0.4580859375 0.25652777734375004 0.4407255309470935 0.28582346205941883 0.49136718749999997 0.3158333339843751
5 0.538275491147022 0.2920766045138851 0.48321179101562495 0.21416333789062503 0.4469342432279779 0.23980179587673994 0.501997943359375 0.31771506250000003
5 0.5113087573995643 0.2961791517909472 0.45938283398437507 0.25211043945312506 0.3791149105691858 0.34668969586530296 0.431040833984375 0.39075840820312513
5 0.404799757294603 0.2734580594276037 0.35074519140624993 0.26516559765625003 0.33698209231477194 0.35488061440052127 0.391036658203125 0.363173076171875
5 0.4020602210733063 0.24351810041378286 0.37350991015625 0.21630608593750006 0.3186261636923188 0.2738890343518422 0.34717647460937506 0.301101048828125
5 0.3908603975423204 0.23538669695845527 0.37675781168380673 0.2277777769033805 0.3555949981258614 0.26700152916367526 0.369697583984375 0.27461044921875005
5 0.4106112775526429 0.23815752842039736 0.3884765625 0.2288194453125001 0.3654980974473571 0.28328691689210284 0.3876328125 0.2926250000000001
5 0.45363670910742293 0.2975501169962194 0.45257126562500005 0.24780720898437508 0.3912249569082022 0.24912118573815573 0.39229040039062507 0.29886409375000006
5 0.5386503226440346 0.23018917652230914 0.4967968750000001 0.192986111328125 0.473693426386138 0.2189774905843719 0.5155468740301724 0.25618055577855603
5 0.5561743833779572 0.2860796584257358 0.5548406738281251 0.24946028515625002 0.5245890970197528 0.2505620739987266 0.5259228065695849 0.2871814472682124
5 0.5124305541790706 0.31957947511986096 0.4907516494442621 0.302729053951918 0.4466815347183165 0.3594274479726821 0.468360439453125 0.37627786914062505
5 0.5924102276178453 0.3911748973990619 0.591174724609375 0.36569265820312497 0.5524760555852797 0.36756895806968803 0.55371155859375 0.393051197265625
5 0.5864230640731793 0.3679801426674242 0.5684708417968751 0.33635706640625 0.5233402445205708 0.3619774237388259 0.541292466796875 0.3936005000000001
5 0.6152883923799722 0.44544191604043953 0.6126845624999999 0.3790925097656249 0.5678272267606527 0.38085290036581027 0.570431056640625 0.4472023066406249
5 0.599093534318383 0.525437337473429 0.559435591796875 0.49745995703124996 0.5447948914628671 0.5182131527609458 0.584452833984375 0.5461905332031249
5 0.5225599022152079 0.4507941238125596 0.4647712499999999 0.36518129882812506 0.41630429700354193 0.39789648946869044 0.47409294921874984 0.483509314453125
5 0.4751578767623305 0.4419329650809502 0.44972694140625 0.4401448515625 0.44675042987829444 0.48247743921592484 0.47218136523437493 0.48426555273437505
5 0.4543595721351664 0.4352767300942333 0.4382302888455196 0.43346218552246474 0.4338524569447282 0.4723762425376065 0.449981740234375 0.47419078710937507
5 0.4428264859561003 0.47533818151432894 0.4322783144531249 0.415732638671875 0.39106804529389966 0.42302546692317106 0.40161621679687504 0.482631009765625
5 0.4666550928232489 0.4782914448447989 0.44039246388762704 0.4514732607424015 0.3865826347362532 0.5041683862101026 0.4128452636718751 0.5309865703125
5 0.43288598770900605 0.5430310614892419 0.41313610937741096 0.5423367304001702 0.41154361190278 0.5876344735984285 0.4312934902343751 0.5883288046875002
5 0.6017448104778702 0.5124854841590508 0.5814159941406248 0.44881003906249994 0.5653821953815046 0.4539289377159491 0.5857110117187498 0.5176043828125
5 0.5972827597693307 0.45844272433445066 0.5806051503906251 0.42830758984375006 0.5713065507775446 0.43345368972804943 0.5879841601562501 0.46358882421875003
5 0.6027382380118914 0.5325413005238837 0.595667396484375 0.49747653515625007 0.5752347073769255 0.5015968053233263 0.582305548904442 0.5366615706909599
5 0.6182570120786263 0.4777567003869225 0.5956439902343751 0.43253065429687515 0.5816499590151237 0.4395276695349528 0.6042629808593749 0.48475371562500014
5 0.608682322698314 0.5007032585358553 0.5913967753906249 0.45879889843750005 0.5806596030829358 0.46322798169851986 0.597945150390625 0.5051323417968752
5 0.6142447537845819 0.5072805731516008 0.59629471484375 0.455424916015625 0.5862256778560431 0.45891035262964924 0.604175716796875 0.510766009765625
5 0.6186597865580366 0.6155781697363596 0.576285837890625 0.6012651933593751 0.5669157759419636 0.6290055119042656 0.609289724609375 0.6433184882812502
5 0.35252094508291304 0.4444766659443939 0.32890821093749995 0.437651109375 0.3086790451514619 0.5076330821024811 0.332291779296875 0.514458638671875
5 0.3236569271192645 0.521559149138628 0.320576662109375 0.48158415429687496 0.30310153577136045 0.48293069656449683 0.30618180078124996 0.5229056914062499
5 0.34611229672287575 0.4223469489389 0.3326214146032356 0.4139994659229591 0.30413036592723486 0.46004560682780915 0.3176212480468751 0.46839308984375005
5 0.3300555154337951 0.4684422157328508 0.320948005859375 0.46211383593749994 0.2959170177693299 0.4981372686421491 0.30502452734374996 0.5044656484374999
5 0.40731584726927006 0.3516285180978421 0.3888582666784745 0.33938659705956026 0.35349179831545446 0.3927098816960931 0.37194937890625 0.40495180273437503
5 0.4903962375156782 0.24791030918857984 0.42648577539062493 0.20112617578125006 0.40017204568744663 0.23707260682704528 0.4640825078124999 0.28385674023437507
5 0.4354425679719068 0.20332354656180765 0.3791570703125 0.20104938281250004 0.3770279105405349 0.25374603554822794 0.4333134081999417 0.25602019929753556
5 0.4888869690319252 0.2301875091242828 0.47970482226562494 0.22098041015625006 0.4614846598743248 0.23915119400071733 0.470666806640625 0.24835829296875006