7 0.5153903203262042 0.6177291360257215 0.51380955859375 0.545365359375 0.4577835018977074 0.54658922925223 0.4593642636301616 0.6189530059029515
7 0.5731446354288684 0.5721231222127285 0.49855168359375 0.4963461542968751 0.4645777219775076 0.5297892723337786 0.5391706738126258 0.605566240249632
7 0.46459078843695845 0.583056493405895 0.43199429882812507 0.5801614101562501 0.4244843795317917 0.664717530031605 0.45708086914062507 0.66761261328125
7 0.5017990890172463 0.4918681732526816 0.459453946382702 0.4650448138938411 0.4088244257248307 0.5449719492349097 0.45116956835937505 0.5717953085937502
7 0.53125 0.4777777773437501 0.4914062500000001 0.4777777773437501 0.4914062500000001 0.51909722265625 0.53125 0.51909722265625
7 0.5705469424779455 0.46149098280975026 0.544979416015625 0.4063666738281249 0.5224032704126796 0.4168378472683745 0.547970796875 0.4719621562499998
7 0.503027637143322 0.388103157498566 0.4672490859375 0.36842495507812506 0.4242480171535529 0.4466087194545591 0.460026568359375 0.46628692187500004
7 0.5189209459550647 0.4866538276181287 0.498206935546875 0.40686653125000005 0.45541784896681026 0.41797523683499643 0.476131859375 0.4977625332031251
7 0.4491774141554313 0.4579806552820181 0.43581701733495604 0.4225517474020431 0.3879069039607747 0.44061886165127506 0.40126730078124995 0.47604776953125005
7 0.4883803745103333 0.47299293497095735 0.45841955273437507 0.4349474472656251 0.4388419653334168 0.4503647974509179 0.46880278710937495 0.4884102851562501
7 0.4569431465799904 0.5049170945380754 0.4483469902343751 0.46139905078124993 0.3978253377950097 0.47137863593067447 0.40642149414062506 0.5148966796875
7 0.42380215835158713 0.47090474773117624 0.37863838281250006 0.45238951367187513 0.34145024594528794 0.543101662425074 0.38661402148437507 0.5616168964843751
7 0.4197904653383331 0.5448140398564808 0.41914088867187493 0.5151740429687499 0.39905110497510443 0.5156143215144273 0.3997006816415626 0.5452543184021582
7 0.452734375 0.254861111328125 0.391796875 0.254861111328125 0.391796875 0.3038194453125 0.452734375 0.3038194453125
7 0.5316980336758103 0.24608043951621603 0.48829661914062494 0.20364350000000006 0.46405794776974874 0.228433049763539 0.5074593623049339 0.270869989279755
7 0.54609375 0.21180555468750006 0.50859375 0.21180555468750006 0.50859375 0.3031250000000001 0.54609375 0.3031250000000001
7 0.5337695604219721 0.3040962733962545 0.4826775859374999 0.22364669140625 0.4458268048124028 0.24704991019749564 0.49691877929687495 0.3274994921875002
7 0.5075716553728067 0.3103334881388898 0.462306609375 0.26051798828125006 0.4426876942365683 0.2783447911579854 0.48795274023437496 0.32816029101562505
7 0.5112889418577861 0.33342395529723223 0.49240009765625 0.31449440234375003 0.4471622280640889 0.35963498610901784 0.466051072265625 0.37856453906250004
7 0.44245294117590545 0.3977899927545696 0.4331166089810768 0.3534657598485998 0.3666320623364213 0.3674698784221551 0.37596839453124997 0.41179411132812493
7 0.40607552060140767 0.35266319535973406 0.3886171875 0.33956944531250005 0.3520729168985923 0.3882951386246411 0.36953125 0.4013888886718751
7 0.4382984416789382 0.4198096032208337 0.41026024317548726 0.38711261996824653 0.351147488996549 0.43780277455991295 0.3791856875 0.47049975781250014
7 0.39035152985137245 0.40480860877088226 0.36788140429687494 0.38972281835937495 0.3351048138986275 0.43854320372911776 0.357574939453125 0.4536289941406251
7 0.39997892493009446 0.45334025763639574 0.37501399609374997 0.42719909765625 0.3212762840542805 0.4785188615042294 0.346241212890625 0.504660021484375
7 0.35128304321117304 0.518620068704264 0.35108156445312505 0.4817268828125 0.3182169489763852 0.48190636099390194 0.3184184277344332 0.518799546885666
7 0.3811418242393963 0.5422009224574619 0.38020979296875 0.50078378125 0.33582977341685377 0.5017824876987881 0.33676180468750005 0.54319962890625
7 0.3885981729984361 0.6058565220604186 0.36714363584332727 0.5713165689031451 0.31590922456364123 0.6031408905927266 0.33736376171875004 0.6376808437500001
7 0.3625657948310736 0.680098725791014 0.35652043359374996 0.6263621796875001 0.32373228329392634 0.6300508464746111 0.3297776445312499 0.683787392578125
7 0.35021664715970713 0.5963030849166667 0.34448234960937507 0.537917515625 0.30540615557466794 0.5417553564895833 0.311140453125 0.60014092578125
7 0.42454783022713166 0.21616359770023985 0.37722776171874994 0.20626659179687504 0.3686942225072432 0.2470675839403852 0.4160142910156249 0.25696458984375004
7 0.4791755269200568 0.23998760986625878 0.41500833984375013 0.2136626093750001 0.39803216253306833 0.2550420405243664 0.46219934960937503 0.2813670410156251
7 0.3435367581347326 0.5409757631347437 0.3370236288329039 0.5080030484568108 0.29425382968254626 0.516451404462692 0.300766958984375 0.549424119140625
7 0.3243959963897307 0.5206680275544524 0.310623546875 0.4760939453124999 0.2843921129852693 0.4841989040861724 0.29816456250000006 0.528772986328125
7 0.31775362496777837 0.5444020218311453 0.29411780664062503 0.541399890625 0.2893027637040968 0.5793087867626048 0.3129385820312501 0.5823109179687501
7 0.339601573096773 0.5967103850753603 0.30208543164062507 0.587963451171875 0.2953286612782271 0.61694365789339 0.33284480273437506 0.6256905917968751
7 0.35758619675763004 0.45709691549325737 0.33790564843750004 0.44049145312500004 0.2956439712111201 0.49057936770986776 0.31532451953125007 0.5071848300781251
7 0.3536849484334818 0.45400916806233943 0.350432484375 0.41257036523437507 0.3310659617227682 0.4140904120157857 0.33431842578125 0.4555292148437501
7 0.35564307358946595 0.42081788627752725 0.35172195507812504 0.3707543046874999 0.31324654945740904 0.37376780512872276 0.31716766796874996 0.42383138671875004
7 0.3418461452649535 0.36865507340098114 0.32942013281250004 0.36002957031250005 0.29735972973504654 0.406216205895894 0.3097857421875 0.4148417089843751
7 0.3415717447420796 0.3616942353939449 0.3357421875 0.31597222265625 0.31565210877354544 0.3185337079654301 0.321481666015625 0.36425572070312506
7 0.4050550952619135 0.2728966594506185 0.343241623046875 0.26533794726562504 0.3323306781755865 0.3545652350806316 0.394144150390625 0.362123947265625
7 0.3746568718605128 0.36968690066533383 0.36296672851562506 0.33394104296874993 0.3512969543113622 0.33775746652216615 0.36298709765625 0.37350332421875
7 0.5373342918237756 0.4063674036525647 0.518068146484375 0.32996149609375 0.4705126300512244 0.3419528658786853 0.489778775390625 0.4183587734375
7 0.575244245159794 0.5579403651310391 0.5427728359375 0.4934220078125001 0.515902989215206 0.5069453184627112 0.5483743984375 0.5714636757812501
7 0.5466391356424105 0.6260019773439819 0.5452796601562498 0.5897492617187501 0.5266860146778176 0.5904465227319001 0.5280454901639783 0.6266992383571319
7 0.5622220650662295 0.6114987928920902 0.5609666640625 0.564630466796875 0.5435312571993954 0.5650974864047847 0.544786658203125 0.6119658124999999
7 0.6275211519531251 0.5873174324218752 0.563124470703125 0.555119091796875 0.5435411367187499 0.594285759765625 0.60793781796875 0.6264841003906252
7 0.6138627517474294 0.5763164805175769 0.5913206738281249 0.5197402851562501 0.5678986740338203 0.5290724882324234 0.5904407519531248 0.5856486835937501
7 0.5975004624775414 0.6117163878068652 0.5465 0.598763888671875 0.5384526620564822 0.6304502800435415 0.5894531245340237 0.6434027791785317
7 0.5890000014902266 0.4839291941832031 0.529149955078125 0.45472132812499994 0.5118630883535235 0.4901439698792968 0.571713134765625 0.5193518359375
7 0.53828125 0.4298611113281251 0.5046875 0.4298611113281251 0.5046875 0.47812500000000013 0.53828125 0.47812500000000013
7 0.6087090721272315 0.4591462838425348 0.58022575390625 0.37119779687500004 0.5489854317790185 0.3813154017043403 0.57746875 0.4692638886718751
7 0.5798439100719868 0.43820069931205763 0.5620565195312499 0.4047716953125001 0.5457488047717629 0.4134489413129425 0.5635361953124998 0.4468779453125
7 0.6003258308709185 0.3278323738691802 0.5098936992187499 0.290004552734375 0.48570900466210953 0.3478210860821356 0.5761411363142781 0.3856489072169408
7 0.5110286941608944 0.3006526649359657 0.45960295507812493 0.256443509765625 0.3794795773234806 0.34964601279840934 0.43090531640624996 0.39385516796875003
7 0.5383257420424167 0.38697713956718727 0.50124231640625 0.3850808281250001 0.49906219350445846 0.42771434480781295 0.5361456191406251 0.4296106562500001
7 0.5909449184903561 0.3446659657710497 0.5568359375 0.28402777734374995 0.539328519009644 0.2938757002445753 0.5734375 0.35451388867187505
7 0.5771527701445966 0.39017503474005166 0.5429594453125 0.34130614648437496 0.5200294759491533 0.3573501351818233 0.55422280078125 0.4062190234375
7 0.37738163870026764 0.21280713462679984 0.34911347851562496 0.20576533398437502 0.3253150800497323 0.3013001231857002 0.353583240234375 0.308341923828125
7 0.38918217669196103 0.24092746035378332 0.371871552734375 0.22801997460937506 0.3465192471361639 0.2620207271462168 0.3638298710937499 0.2749282128906251
7 0.41073076463758856 0.23915278919991917 0.385498916015625 0.22896300390625005 0.3628250244249115 0.285107876815706 0.38805687304687503 0.2952976621093751
7 0.48054982336591334 0.2535573904422287 0.4758984375 0.22875000000000004 0.4604267391340867 0.23165094354214627 0.465078125 0.25645833398437495
7 0.4272997131416696 0.20162980730600968 0.37263655664062495 0.19822001953125004 0.37048850560833035 0.23265596027211538 0.425151662109375 0.23606574804687502
7 0.45192398726462035 0.643588998192142 0.40788697656249995 0.53630541015625 0.359232843095132 0.5562766157752126 0.40326985379725233 0.6635602038111046
7 0.445946099472723 0.6857605755925349 0.42330802343749996 0.621367822265625 0.3880426641991519 0.6337657994074651 0.41068074023437495 0.698158552734375
7 0.4109766245151137 0.6671292047137313 0.3884765625 0.6243055546875002 0.3743211004390025 0.6317430051157084 0.3968211624541162 0.6745666551419395
7 0.3869792188804902 0.5754945203657252 0.38110271484375 0.53913365234375 0.3393623533851348 0.5458795694780247 0.345238857421875 0.5822404375000001
7 0.3170372197313426 0.4635313499446465 0.3046535664062501 0.45636652148437507 0.2805271455030325 0.49806650552410364 0.292910798828125 0.505231333984375
7 0.3306647612517396 0.424524732681104 0.31532147265625 0.41615968945312504 0.2880163051545104 0.46624323997514605 0.30335959375 0.47460828320312504
7 0.3408700562465895 0.44456092281386134 0.32838419335937497 0.434092234375 0.29910301015966045 0.4690155049205137 0.311588873046875 0.479484193359375
7 0.5814551925257736 0.5759588935208355 0.5766397871093751 0.5393812597656249 0.5523189481325002 0.5425830715756609 0.5571343535488987 0.5791607053308714
7 0.5979638877081398 0.517693928855666 0.5759306074218751 0.452410130859375 0.5566431886634586 0.45891963423610704 0.5786764689497234 0.5242034322323981
7 0.5865809360398619 0.5452777732671219 0.58156127734375 0.5036332011718752 0.5528925678663879 0.5070888048578781 0.5579122265624998 0.548733376953125
7 0.39443503182713924 0.6398592683409821 0.3873862280610835 0.6113116192528575 0.35145358685894423 0.6201838782556253 0.358502390625 0.6487315273437498
7 0.5524289772735061 0.4186601788382681 0.53661758203125 0.376496458984375 0.5232290383514937 0.3815171629586068 0.5390404335937499 0.42368088281249994
7 0.5691312936331461 0.41831641171070555 0.54636856640625 0.39326536718749994 0.5335196712106041 0.4049405648517943 0.5562823984375 0.4299916093749999
7 0.3713732318710602 0.3397690643325792 0.3380773925781251 0.3339162812500001 0.329057023988315 0.38523216613617095 0.3623528632812501 0.39108494921875003