7 0.542991293278794 0.4223822023714897 0.5084258222656253 0.42149842578125013 0.5071037457837063 0.4732062859097605 0.5416692167968751 0.4740900625000001
7 0.45402061214233885 0.2975418952765216 0.45295803515625 0.24793279296875 0.3908560773107861 0.24926295433285342 0.39191865429687495 0.29887205664062505
7 0.5091591804370483 0.3031626858597983 0.46396722656250006 0.25117716796875 0.44285110849907405 0.2695337925104512 0.4880430623736223 0.3215193104014995
7 0.5386136742466212 0.29182255404644386 0.4831391308593751 0.21396354882812493 0.44629593512837895 0.24021432681293098 0.5017704785156251 0.31807333203124993
7 0.5167353251925814 0.6161169744622929 0.515252138671875 0.5419105390625 0.45839826465116873 0.5430468946783322 0.45988145117187507 0.6172533300781251
7 0.5361734380941748 0.4713999567335012 0.4961909647914719 0.4703289980454748 0.49501293099417204 0.5143089436557235 0.534995404296875 0.51537990234375
7 0.43481465425780363 0.40423128345012305 0.4041620000000001 0.38049213476562505 0.3533405039453215 0.4461142751436271 0.3839931582031251 0.4698534238281251
7 0.46538464367133436 0.4845460667328993 0.44209839257812505 0.4499285585937501 0.38485122937554067 0.48843715982960084 0.40813748046875 0.52305466796875
7 0.4480815909594158 0.45484940578019445 0.43561025976562495 0.41786057226562506 0.3882444598218342 0.43383065086043066 0.40071579101562493 0.47081948437500004
7 0.4419922566415005 0.39391984804012964 0.43121989257812504 0.3495901503906251 0.3654760988272496 0.3655662593817455 0.376248462890625 0.40989595703125004
7 0.4031454548380386 0.34924807614563735 0.38819639062499994 0.33931034570312507 0.3559049221150863 0.3878855449481127 0.37085398632812494 0.397823275390625
7 0.38556175745140386 0.4406461055721499 0.37211756250000005 0.391706392578125 0.3415568284860962 0.4001017108341002 0.3550010234375 0.44904142382812506
7 0.40038521357932494 0.451978632883792 0.37576640136719114 0.4272929228489126 0.32366561942849126 0.47925251262137075 0.34828443164062506 0.5039382226562501
7 0.4687082078144568 0.5815843389936673 0.43400735159254805 0.5772467321814904 0.42306568869996625 0.664780039672198 0.457766544921875 0.669117646484375
7 0.3934891642291559 0.6032771134024482 0.37064287304687493 0.56913006640625 0.319174103348969 0.6035655623788018 0.34202039453125 0.637712609375
7 0.40148573311968794 0.6276526133132598 0.38108978515625 0.6041710625000001 0.31838361258343706 0.6586373046554903 0.338779560546875 0.6821188554687501
7 0.3439197088653243 0.6197442317893271 0.3416015625 0.5923611113281249 0.30906388879092567 0.5951156217262977 0.31138203515624996 0.6224987421875
7 0.34872555632598873 0.5987913296389732 0.34789493750000006 0.5412017265625 0.3156900979708863 0.5416662191891518 0.316520716796875 0.599255822265625
7 0.38942747127737526 0.5747615046310448 0.38284537500000004 0.5377372109375 0.3402561615351248 0.5453086262283303 0.34683825781250005 0.5823329199218751
7 0.37575501971940056 0.5431945694130624 0.37387823046875 0.498485267578125 0.33941237676497443 0.4999320614463127 0.341289166015625 0.54464136328125
7 0.34121196061589276 0.5128290289866282 0.30963219335937503 0.51105266796875 0.3074943362591073 0.5490590354664969 0.33907410351562506 0.5508353964843751
7 0.32367174716478553 0.5472014164916815 0.3028664628906251 0.54606887109375 0.3011107918977146 0.5783212065551936 0.32191607617187507 0.5794537519531251
7 0.3652756325923992 0.4880162259889087 0.3434078144531251 0.4735763339843751 0.3115470763919759 0.5218263365110914 0.33341489453124995 0.5362662285156251
7 0.35049569811997233 0.44478821045013955 0.3278869179687501 0.43885340625000013 0.31062285852065286 0.5046212582998607 0.3332316386718751 0.5105560625000002
7 0.32882498480093747 0.5204522282537051 0.3159565546875 0.485096544921875 0.2967418980115625 0.4920901154962949 0.30961032812499995 0.527445798828125
7 0.32174487069857644 0.4634642698606307 0.3145909921875 0.46104983593749993 0.30219814297329856 0.49776939029561923 0.309352021484375 0.50018382421875
7 0.3426895426344079 0.43297432107771155 0.32979251953125 0.4225655820312501 0.3015350979905921 0.45757814376603856 0.31443212109374996 0.4679868828125
7 0.5029373917892603 0.38147466510606676 0.46663967773437504 0.36189915820312507 0.42304018828886464 0.44274313372205837 0.45933790234375 0.46231864062500005
7 0.4899384998243168 0.4691006516651805 0.45819329492187505 0.430724228515625 0.4388070548631832 0.4467606413035693 0.470552259765625 0.4851370644531249
7 0.55442685389858 0.4049652516133577 0.53770108203125 0.372649966796875 0.48953248008579486 0.39758111166789223 0.506258251953125 0.42989639648437494
7 0.5553032145928226 0.19873583767497474 0.5150570253906251 0.19812398632812508 0.5135599807196776 0.29659617795002546 0.553806169921875 0.2972080292968751
7 0.6057678689962606 0.3408598769125677 0.574040689453125 0.26907312499999997 0.5531493478006143 0.2783063516030572 0.58487652734375 0.35009310351562495
7 0.5562071844834464 0.2861484459577912 0.5548302382812501 0.24888590429687502 0.5240442647353039 0.2500235247453338 0.5254212109375002 0.28728606640625
7 0.5889082146398594 0.3732879284171347 0.545742974609375 0.333384060546875 0.5241983839959593 0.3566895062297414 0.5673636240264436 0.39659337410000106
7 0.5909130143888136 0.4382170951239356 0.56951920703125 0.43353719921875 0.5623638371736864 0.4662474576104394 0.58375764453125 0.4709273535156251
7 0.6348925396657248 0.5735232897907777 0.6108629570312502 0.510568595703125 0.5848289049960762 0.5205057006919668 0.608858487630551 0.5834603947796195
7 0.5847276356088835 0.549349565855578 0.544653671875 0.4843019765625001 0.5144774210317417 0.5028927036756722 0.554551384765625 0.5679402929687501
7 0.5782980460240307 0.5751369671173161 0.503947294921875 0.49142352929687505 0.4672037254603442 0.5240576207733091 0.5415544765624999 0.6077710585937501
7 0.5816307609741592 0.6096071828465484 0.568600998046875 0.5493807265625001 0.5446901140258407 0.554553754653452 0.5577198769531249 0.6147802109375002
7 0.56553609148763 0.6212906849336838 0.5488882207031252 0.5768963671875 0.5290252053873701 0.5843449986600663 0.545673076171875 0.62873931640625
7 0.41074354673932806 0.23842654072998037 0.38892346906190073 0.22891435084702882 0.3654955922444476 0.2826557183201735 0.38731566992187494 0.29216790820312505
7 0.4357098469396202 0.24918828361627324 0.43230031640625 0.20124174609375003 0.37549796751350484 0.20528102302435183 0.37890749804687507 0.25322756054687506
7 0.5277325736580635 0.2033193572429146 0.49409843366616246 0.196719636349715 0.483781256492474 0.2492990388724255 0.5174153964843751 0.2558987597656251
7 0.3825104187149249 0.2166597182603776 0.3580823125 0.21055269140625002 0.3354744387069501 0.3009841821302474 0.359902544921875 0.307091208984375
7 0.512944133639948 0.32053752649620987 0.490889482421875 0.30286874218750004 0.446215772610052 0.35863166686316517 0.468270423828125 0.376300451171875
7 0.5428038252790641 0.3973301675949034 0.51865053515625 0.31870127343750004 0.47133396964281105 0.3332360159988466 0.495487259765625 0.41186491015625
7 0.5895832103454824 0.2792865427998366 0.5092670917968751 0.2769087636718751 0.5066842701232678 0.36415076579391353 0.5870003886718751 0.36652854492187503
7 0.42168294044959836 0.5136545405806048 0.3930819864380466 0.5121223475575072 0.3908635830978233 0.5535325686956524 0.4194645371093751 0.5550647617187501
7 0.5028864683174348 0.5522499500854052 0.46467146484374994 0.46340823632812495 0.41514880707319 0.48471026280521967 0.4533638105468749 0.5735519765625
7 0.4069936185874938 0.27313409406818534 0.35205869889054087 0.26362612689631965 0.3357703166311721 0.3577367769687595 0.39070523632812504 0.36724474414062513
7 0.34620053424934344 0.3659161317249869 0.341353306640625 0.31667445703124997 0.3245628798131565 0.3183272647593881 0.32941010742187493 0.367568939453125
7 0.3730046589884555 0.38834392085973024 0.35787596484375006 0.33662188671875004 0.3329319544467267 0.34391800935403366 0.34806064859143215 0.3956400434950139
7 0.4844488104260632 0.2379275246858893 0.42168489062500003 0.2100324492187501 0.40327468339239697 0.2514554154921071 0.46603860319346013 0.27935049095924624
7 0.5678516869289479 0.4558506694642818 0.56125680859375 0.399894125 0.5326787076023022 0.40326225827009315 0.5392735859375001 0.459218802734375
7 0.5594467027529508 0.4120541717657155 0.5400516699218749 0.3652598125000001 0.5278755550595491 0.3703064922967846 0.5472705878906249 0.4171008515625
7 0.5769691984607459 0.41519141856019304 0.5534212792968749 0.38030560546875014 0.540796008570504 0.38882766151793224 0.5643439277343749 0.42371347460937514
7 0.5934568840362957 0.43249586766160714 0.5689076855468751 0.3917623867187499 0.5505889538543295 0.4028026948383927 0.5751381523437501 0.44353617578124993
7 0.5385482974559426 0.4286143247162201 0.4979423662262884 0.3946459015396596 0.43872540861409587 0.4654339889328146 0.47933133984375004 0.4994024121093751
7 0.5864752576061475 0.4603408728968969 0.52867618359375 0.4541508769531251 0.5236059201282276 0.5014944513218533 0.5814049941406251 0.5076844472656251
7 0.5914617758066363 0.3667125127377124 0.5530208984375 0.36519386132812504 0.5519495405996138 0.39231261616853774 0.59039041796875 0.3938312675781251
7 0.623894546440857 0.45364438576189436 0.59695397265625 0.3649511406249999 0.5619091073128694 0.37559601869996195 0.5888496810974763 0.4642892638368564
7 0.6150258400677349 0.5165071060229147 0.5917892617187501 0.44139897265625005 0.5648766872760153 0.4497250502270853 0.588113265625 0.52483318359375
7 0.6483364886364699 0.585087655723511 0.57643540234375 0.5467404140625001 0.5541947691760302 0.5884416059952392 0.62609585546875 0.6267888476562502
7 0.5933406592227084 0.5446887165253231 0.572714099609375 0.4886060449218752 0.5527954384335415 0.49593189870905213 0.5734219980468749 0.5520145703125
7 0.6026135858943176 0.535339380288815 0.58936850390625 0.48955390429687506 0.5716813125431824 0.49467055525806003 0.58492639453125 0.54045603125
7 0.6156211980452172 0.4426680340569175 0.5956401523437501 0.43582669726562506 0.583966292189158 0.4699217784430826 0.603947337890625 0.4767631152343751
7 0.4302190466383574 0.6567112993037078 0.41716252343749993 0.5522591093750001 0.3781330725022676 0.5571377905400422 0.391189595703125 0.6615899804687498
7 0.445796566959589 0.6848483545982448 0.42117430078125 0.605261234375 0.378449962337286 0.6184790770423803 0.403072228515625 0.698066197265625
7 0.35896644331957767 0.4575776111010153 0.351910927734375 0.414429205078125 0.33486053751108796 0.41721724072167504 0.34191605309629064 0.46036564674456537
7 0.5085676778940261 0.30042112646733593 0.4588068252050819 0.2572493702549752 0.3791950906704308 0.34901185902201437 0.428955943359375 0.3921836152343751
7 0.4677071939152461 0.3858443594292003 0.466288232421875 0.3537712968749999 0.4382406713191288 0.35501216400829955 0.4396596328124999 0.38708522656249994
7 0.43175611747244264 0.5426225866968696 0.4125193125000001 0.54174183203125 0.4107674899494325 0.5800038703343806 0.43000429492187503 0.5808846250000002
7 0.4286795687533089 0.47062790721625336 0.3769222337913197 0.4534584060563752 0.3448944169911358 0.5500060242307468 0.396651751953125 0.567175525390625
7 0.4509897204985031 0.4375906522138423 0.4384818183593751 0.43698412695312516 0.4367913009858721 0.471846361458033 0.4492992031250001 0.47245288671875013
7 0.592337512861913 0.5721943056527111 0.5918230195312499 0.5365227988281249 0.5612892273724619 0.5369631904410388 0.561803720703125 0.572634697265625
7 0.620075487169579 0.6169778158649595 0.5725529042968751 0.597900650390625 0.5618573214241712 0.6245441118694155 0.6093799042968752 0.64362127734375
7 0.3768000224011166 0.4047068763993563 0.35986677734375005 0.370178931640625 0.3075831670520085 0.3958199361006437 0.32451641210937504 0.43034788085937503
7 0.32491859660855793 0.39011476273345114 0.31937523046875 0.3895562890625 0.31707741901644204 0.4123641864852989 0.3226207851562499 0.41292266015625
7 0.3887376688156917 0.23555875139894283 0.3743539921875 0.23043798046875003 0.35891108704368324 0.2738153853198072 0.373294763671875 0.27893615625
7 0.6127002984981361 0.5211815089748878 0.609540830078125 0.499088638671875 0.5935203343143638 0.5013797058688622 0.5966798027343749 0.523472576171875