5 0.5666265893668098 0.36775947368154055 0.542332462890625 0.275981666015625 0.5058492875863153 0.2856389774903344 0.5301434140625001 0.37741678515625
5 0.5721494473327358 0.2738216127348303 0.5184947734375 0.25835359765625 0.5071771751942815 0.2976115140684259 0.5608318490895173 0.3130795291470062
5 0.6134913295362164 0.33176937221928915 0.56224621875 0.2820771406250001 0.5390564400255367 0.3059915985134147 0.5903015508117531 0.35568383010770377
5 0.4135189785627814 0.5456217376223249 0.40112044140625003 0.49990213085937507 0.33133830268721853 0.5188261002683 0.3437368398437499 0.5645457070312498
5 0.4217512691417299 0.5601427663677995 0.40499999999999997 0.5318750000000001 0.36117841835827014 0.5578433449603257 0.37792968750000006 0.5861111113281251
5 0.4166682783210794 0.2752418722645314 0.358221658203125 0.25989963476562505 0.3324848916007957 0.3579444617198438 0.39093151171875007 0.37328669921875013
5 0.44044284140273604 0.41407987620514186 0.4300613865744452 0.37732495066097244 0.3840808088435841 0.39031219750270557 0.3944622636718749 0.427067123046875
5 0.51875 0.3722222226562501 0.47890625 0.3722222226562501 0.47890625 0.41076388867187513 0.51875 0.41076388867187513
5 0.5251652727075353 0.3648682357114569 0.499238955078125 0.36102729882812507 0.49638241088621476 0.38030896741354325 0.522308728515625 0.3841499042968751
5 0.3878942674979722 0.4478485169346452 0.34601862890625007 0.4329594023437501 0.33545308797077794 0.46267498892472997 0.37732872656250005 0.4775641035156251
5 0.36022154601908046 0.33775913493082893 0.3352113574648533 0.33400760713535305 0.3250611298051479 0.4016758003295241 0.35007131835937505 0.405427328125
5 0.38726196606195684 0.3603732391731609 0.35518152512129303 0.3558619276965002 0.3476645043718363 0.40931630375771433 0.37974494531250014 0.413827615234375
5 0.36829835413695067 0.4177947641915283 0.35616356835937496 0.39094655078125007 0.31629535680054927 0.4089660815115968 0.328430142578125 0.43581429492187507
5 0.40291005078125 0.4869254316406251 0.37399744921874994 0.45078467968749997 0.30440056445312497 0.5064621874999999 0.333313166015625 0.542602939453125
5 0.4601562500000001 0.46111111132812505 0.4113281250000001 0.461111111328125 0.4113281250000001 0.517708333984375 0.4601562500000001 0.517708333984375
5 0.4231247067126347 0.4591213235676874 0.40115196837034744 0.45237968873738654 0.3868250331420878 0.4990748905603243 0.40879777148437507 0.5058165253906252
5 0.5813408344815241 0.3854968758526982 0.55302648046875 0.38214110156250003 0.549936821768476 0.40821010461605195 0.5782511757812501 0.4115658789062501
5 0.5695799524497074 0.48772503230629344 0.569403890625 0.4379578359375 0.527605080753442 0.4381057079349911 0.5277811425781495 0.48787290430378455
5 0.5835696181134531 0.6083159071722994 0.5798834785156249 0.552614240234375 0.5450406631365468 0.5549200147027005 0.5487268027343749 0.610621681640625
5 0.6186499166981131 0.6005631589874514 0.566325828125 0.5773080058593751 0.5515706720986008 0.610507103134005 0.6038947606717139 0.6337622562620813
5 0.6171883609137523 0.6705281319336092 0.57411384375 0.6119693105468751 0.5506575726799976 0.6292232020507661 0.5937320898437499 0.6877820234375002
5 0.5732316181045961 0.5348594832254159 0.55850562890625 0.501977017578125 0.5012690244735287 0.5276096945089592 0.515995013671875 0.5604921601562501
5 0.5877029536386441 0.5015194736313839 0.5381035273437499 0.47346323242187505 0.5229802372941575 0.5001990486899801 0.5725796635890518 0.5282552898994889
5 0.6019913759214632 0.5254152242612602 0.5734374999999999 0.4746527773437501 0.5550398740785365 0.485001441754365 0.5835937499999998 0.5357638886718751
5 0.52408516922015 0.4701293266283731 0.456043341796875 0.4000979707031251 0.41634857101422484 0.438665048371627 0.4843903984374999 0.508696404296875
5 0.491857256275266 0.40986244891717355 0.47133275781249995 0.36812272265624996 0.4107333863028589 0.39792099444220136 0.4312578847656249 0.43966072070312495
5 0.44094393351374145 0.36778095745271516 0.42210653515625 0.34107894335937505 0.37217091414250864 0.37630689215666 0.39100831250000007 0.40300890625000013
5 0.5062331425555446 0.3359296750486816 0.4722590767222987 0.3146476260744443 0.4232764829948791 0.3928420643070128 0.457250548828125 0.4141241132812501
5 0.5105395251046904 0.3075271829635318 0.50123267578125 0.26536282421875 0.47945923856718475 0.2701688287552182 0.48876608789062503 0.3123331875
5 0.5312873202265622 0.5927674523738007 0.502550109375 0.5342027285156251 0.4769623996748535 0.5467583995820913 0.5056996105264158 0.6053231234402668
5 0.46484110607077217 0.5687460819504604 0.46270368164062503 0.5346808476562499 0.42688918885110294 0.5369280293776645 0.4290266132812501 0.570993263671875
5 0.3846312005000186 0.6023004686072737 0.3761463984374999 0.55161892578125 0.3155792623906063 0.5617587149864763 0.32406406445312497 0.6124402578125
5 0.350747406570077 0.4583502986670577 0.32351471484375 0.4475044316406249 0.28760246257054795 0.5376758575829423 0.314835154296875 0.548521724609375
5 0.3674758824867051 0.44391265704980226 0.3528964893475986 0.42113235603628685 0.3005293842046435 0.4546473044552346 0.31510877734375 0.47742760546875
5 0.3938640638737438 0.4264735044551195 0.3595195078125001 0.41708012304687503 0.3538034751887563 0.4379793705448807 0.3881480312500001 0.4473727519531251
5 0.4807039345825369 0.4878242255214882 0.4608354511718751 0.4827221289062501 0.4474683466674633 0.534776042056637 0.46733683007812515 0.5398781386718751
5 0.49174156155759124 0.5888304849751765 0.482474759765625 0.5301819238281251 0.4544181904431073 0.5346150192321614 0.46368499223507353 0.5932635803792128
5 0.5862967577317204 0.42837663044687113 0.5740023218759986 0.4039414406318679 0.5369747828942784 0.42257165002874686 0.5492692187499999 0.4470068398437501
5 0.5887828399662494 0.43259957768474677 0.5646150917968749 0.43108909179687493 0.5628272967525004 0.45969378169025316 0.5869950449218749 0.461204267578125
5 0.6158592638953692 0.4324624986576414 0.578366900390625 0.3965723749999999 0.5612891736046308 0.41441250134235846 0.5987815371093751 0.45030262499999996
5 0.6154782610952662 0.39507750759897 0.576565060546875 0.378800091796875 0.5672285767953587 0.40112012521353 0.6061417773437499 0.417397541015625
5 0.6233285847418542 0.4484728458244356 0.6004558886718752 0.4048529980468749 0.5837346672112711 0.41362101159743925 0.6066073632812501 0.4572408593749999
5 0.6153731149146973 0.4718247126738998 0.5879296875000001 0.4474305546874999 0.576033135085303 0.46081417599797514 0.6034765625000001 0.485208333984375
5 0.6165879034224128 0.4980585918545474 0.5769548984375 0.45487424414062494 0.5600369442338373 0.4704009198642025 0.59966994921875 0.513585267578125
5 0.6237394546607229 0.5957539548103776 0.597384861328125 0.5407530703124999 0.576535348073652 0.5507434631583722 0.60288994140625 0.60574434765625
5 0.5882336312714198 0.5530591608155008 0.583916443359375 0.52202937890625 0.5449876363067051 0.5274455618407492 0.54930482421875 0.5584753437499999
5 0.6208485598081728 0.6176188331969199 0.60603125 0.5795694453125001 0.5939248776918271 0.5842839460999552 0.6087421874999999 0.622333333984375
5 0.6063089500241262 0.6459015170072976 0.6041015625 0.622916666015625 0.5871560968508737 0.6245440513520775 0.5893634843749999 0.64752890234375
5 0.5451158317869427 0.5391653576666473 0.5346514156983504 0.4764942832561016 0.45834637102078263 0.4892352126988293 0.468810787109375 0.551906287109375
5 0.44324013406843954 0.4666329509974142 0.44247171871701924 0.4203840351243472 0.3813391862110797 0.42139973842380807 0.3821076015625 0.4676486542968751
5 0.35615237262010646 0.6141477699087126 0.3120079355468751 0.613306033203125 0.3111222191767687 0.6597569605600376 0.35526665625000003 0.6605986972656251
5 0.35037180126137335 0.5412207144200609 0.3343589902343751 0.5337147089843751 0.3041139819417518 0.5982373910486891 0.3201267929687501 0.605743396484375
5 0.340275094110698 0.52557598724364 0.32315921874999987 0.51667785546875 0.29720037073305183 0.56661062994386 0.31431624609375 0.57550876171875
5 0.32004698415219546 0.5927019297532855 0.3090407812500001 0.59129488671875 0.3038191291290547 0.6321398085279645 0.31482533203125007 0.6335468515625
5 0.4975156036906139 0.32581509369273287 0.47659065625 0.25236912695312497 0.4433183416218861 0.26184849615101713 0.46424328906249995 0.33529446289062503
5 0.5412408520183636 0.4835091336056867 0.5345048945312502 0.40613196093750004 0.48779252121194927 0.4101984388139959 0.4945284786990627 0.4875756114821826
5 0.4922150824820536 0.3273874165150939 0.4077074023437499 0.24071286914062506 0.3561957300179463 0.2909367475474063 0.4407034101562499 0.3776112949218751
5 0.5655477177868279 0.4388035796411801 0.545266197265625 0.36095532031249994 0.5063949130725471 0.3710823129369448 0.52667643359375 0.448930572265625
5 0.6047891132011036 0.5046157550200803 0.5879715175781252 0.502796544921875 0.5847079102363967 0.5329667977142949 0.6015255058593751 0.5347860078125001
5 0.59811202906403 0.5560052733466022 0.597251365234375 0.524893798828125 0.5801621428124636 0.5253665528792625 0.5810228066421186 0.5564780273977397
5 0.6267638066381924 0.5749087681507868 0.6026449453125 0.529432126953125 0.5904391300533545 0.5359055682154821 0.6145579913790469 0.5813822094131439
5 0.6228831960880163 0.5494831927493605 0.6033342226562499 0.5047998242187501 0.5891300551478955 0.5110141474081704 0.6086790285796618 0.5556975159387807
5 0.5566495302899345 0.33960199995500145 0.4935962265625 0.284921634765625 0.4611019628839567 0.3223915870972636 0.5241552666113911 0.3770719522866401
5 0.5949386545249805 0.3644274214494866 0.56469974609375 0.32331832031249996 0.5493947771156446 0.3345763031598885 0.5796336855468751 0.37568540429687514