7 0.5590848272568781 0.5413193090043964 0.49322230859375 0.5381437949218751 0.48967935438374693 0.6116272945112289 0.5555418730468751 0.6148028085937501
7 0.5638973710781235 0.466888077201346 0.512627962890625 0.427825669921875 0.48728123829687653 0.46109324506427907 0.5385506464843751 0.5001556523437501
7 0.5258105412647222 0.4535121524126342 0.47277421093750005 0.44408347070312504 0.46578522039419074 0.48339653933020044 0.5188215507214128 0.4928252210397096
7 0.5058645832265948 0.4940091100065195 0.46700922265625 0.48286778906250016 0.45956629177340536 0.5088250130403559 0.49842165234375013 0.5199663339843752
7 0.5232928458960382 0.4913704435624692 0.49825179296875005 0.4900899355468751 0.49647213847896177 0.5248920779219061 0.52151319140625 0.5261725859375002
7 0.5405314471805166 0.544763295599235 0.540141287109375 0.5138186484375 0.5086261621944833 0.5142160012757651 0.5090163222656249 0.5451606484375
7 0.5859941890099095 0.5437916658840684 0.5857568066406249 0.492728205078125 0.5389538402869654 0.49294578138155654 0.53919122265625 0.5440092421874999
7 0.5111794751278248 0.5692631338709784 0.4917578125 0.500208333984375 0.45827364987217517 0.5096257548008967 0.47769531249999997 0.5786805546875
7 0.47680591829643043 0.6069991785797749 0.47560715429687506 0.553720712890625 0.44012511681589667 0.5545190577493384 0.44132388081545204 0.6077975234384884
7 0.4569744019413004 0.6220436539538379 0.424243099609375 0.5374051347656251 0.3845919320430746 0.5527389847180373 0.41732323437499996 0.63737750390625
7 0.4736107115456553 0.5013740272007977 0.4418523300781251 0.4985157734375001 0.43797336071996995 0.5416154415492024 0.4697317421875002 0.5444736953125
7 0.48262440293219744 0.49823779764158327 0.47662885546874995 0.4516973691406251 0.4254485404271775 0.45829064767091676 0.431444087890625 0.504831076171875
7 0.4744065625625514 0.45060934180429224 0.4680664863281251 0.42729127148437496 0.43106845892182366 0.43735086522695776 0.43740853515625 0.46066893554687505
7 0.5311525061567052 0.42552285410064317 0.5246796875 0.34497222265625 0.47466780634329486 0.3489910345712319 0.481140625 0.42954166601562505
7 0.5944641857373218 0.3748386179124636 0.59111735546875 0.31213561718750005 0.5473182107470532 0.3144734367750365 0.5506650410156251 0.3771764375
7 0.5782906883259551 0.3745326491305243 0.541633890625 0.36910201171875007 0.5367807020159073 0.4018610305150295 0.5734374997168624 0.40729166792680377
7 0.5951425185455725 0.41582839027977614 0.5732125117187501 0.3753128203125 0.5606149755950527 0.38213153354834895 0.5825449824218751 0.42264710351562507
7 0.6013647393353749 0.4258390402552878 0.54125952734375 0.38647188281250006 0.5195651386756674 0.4195945646271276 0.5796703506672923 0.4589617220699153
7 0.6055798653513611 0.4981800520992745 0.5785625000000001 0.434138888671875 0.5543966971486392 0.4443338365726004 0.5814140625000002 0.5083749999999999
7 0.357421875 0.360416666015625 0.31953125 0.360416666015625 0.31953125 0.4274305546875 0.357421875 0.4274305546875
7 0.3866636909183191 0.3631747159142001 0.37122679296875005 0.34973351171875006 0.33764292626918097 0.3883037704139251 0.35307982421875 0.40174497460937514
7 0.4107569310135691 0.3860840993141532 0.38861951953125 0.3606606660156251 0.339689195939556 0.4032666624045969 0.36182660742187506 0.42869009570312505
7 0.45400347038915845 0.31583415216052135 0.36227745703125 0.31190479101562507 0.35921198468896665 0.3834644025269787 0.45093799804687507 0.38739376367187506
7 0.4736250795390618 0.3673565285396959 0.4239453125 0.3379166660156249 0.4041483579609383 0.371324026147804 0.4538281250000001 0.400763888671875
7 0.4980746507944191 0.3812858494267448 0.4706421972656252 0.313467234375 0.43868102398728415 0.32639544589944436 0.46611347751607807 0.39421406095118916
7 0.4116635110812635 0.5968041403149075 0.3808669277343751 0.517927771484375 0.3463973521999867 0.5313861135913425 0.3771939355468751 0.610262482421875
7 0.44651279893685847 0.4125338026349424 0.4046433828125 0.4029387265625 0.3896953807506416 0.4681663614275577 0.43156479687500005 0.47776143750000005
7 0.3822778619460385 0.504144500811117 0.3489481031229396 0.4928310597506139 0.3264413564112761 0.5591366546426221 0.359771115234375 0.570450095703125
7 0.4291078704302142 0.5069890762210657 0.390663841796875 0.5051086621093751 0.3879440455854109 0.5607133944820594 0.4263880742187501 0.56259380859375
7 0.3658186981709423 0.5082271048344814 0.365421703125 0.48211374804687507 0.34122965925093274 0.4824815338373937 0.341626654296875 0.508594890625
7 0.41733169199049763 0.44789478365828245 0.395912033203125 0.430459810546875 0.35548770058762735 0.4801229448573426 0.376907359375 0.49755791796875004
7 0.39378876402351903 0.5366173659204674 0.38201425781250004 0.4883117011718751 0.363062153945231 0.4929312766576579 0.37483666015625006 0.5412369414062501
7 0.3935529273014609 0.5892636381965265 0.3714948310684816 0.5631422097973796 0.31942424751702064 0.6071129270696031 0.34148234375 0.63323435546875
7 0.6148044894031447 0.5642128457291841 0.5566015625 0.52972222265625 0.5360939480968553 0.5643288222395662 0.594296875 0.5988194453125001
7 0.5968354498808559 0.5788369656516548 0.5567252868868209 0.5734650700211146 0.5491602237247151 0.6299508875725849 0.5892703867187501 0.6353227832031251
7 0.5583879436249314 0.622575785720394 0.5523548691406249 0.5982984609374999 0.5097445778594435 0.608887397873356 0.51577765234375 0.63316472265625
7 0.3483009969629257 0.5011908150315563 0.32873872851562497 0.4958111914062501 0.31154387413082424 0.5583379369215689 0.331106142578125 0.5637175605468752
7 0.4958680094771758 0.4219011672673212 0.463033537109375 0.375203251953125 0.4423179670853242 0.3897688874201789 0.475152439453125 0.4364668027343751
7 0.4589653792450453 0.22526908207870064 0.41721853710937495 0.21016244140625004 0.38054269106745464 0.3115152694837994 0.422289533203125 0.32662191015625
7 0.40735818810669194 0.30016141084668013 0.38172516982937515 0.2767546366342839 0.3350373293789332 0.32788300899072875 0.36067034765625 0.35128978320312504
7 0.36905884730083327 0.3321424003974825 0.34664645902735325 0.3287805426822281 0.34063383828902005 0.36886468720662063 0.3630462265625 0.372226544921875
7 0.4706763413781109 0.3275274005436075 0.4631405839843751 0.276619169921875 0.42561980482334955 0.28217323231077135 0.43315556221708534 0.33308146293250385
7 0.5305461569750707 0.3392532921090784 0.5264794960937499 0.25490772265625 0.4630035676343042 0.25796816882842155 0.46707022851562496 0.34231373828124995
7 0.5712728021203514 0.37004804470809016 0.5303475664062501 0.29854084179687496 0.4934000416296489 0.3196867697450348 0.5343252773437501 0.39119397265625
7 0.609448469611336 0.4475140871036576 0.5878994843749998 0.405556271484375 0.5738827159355386 0.4127551003963425 0.5954317011718749 0.4547129160156251
7 0.6127960396328944 0.47446278874110204 0.5941796875 0.4709722226562501 0.5857977103671056 0.5156760999307731 0.6044140625 0.5191666660156251
7 0.6003632141549158 0.5225341355413209 0.5784328574218751 0.4848684375 0.5664719694388343 0.49183250703680415 0.588402326171875 0.5294982050781251
7 0.572519886565931 0.49970717403073256 0.56971375 0.45414381640624996 0.5365139475456577 0.4561885116285958 0.5393200841115887 0.5017518692530785
7 0.4361209777296802 0.4612752329465413 0.386220236328125 0.45767662109375 0.3819682957078198 0.5166368529909589 0.431869037109375 0.52023546484375
7 0.49675225045342414 0.5570038286779398 0.4804252050781251 0.5548428964843751 0.474568190952826 0.5990958978845604 0.49089523632812504 0.6012568300781251
7 0.37261895662074773 0.42533735704398656 0.34846487109374996 0.414176875 0.31859540275425235 0.47882190467476343 0.34274948828125007 0.48998238671875005
7 0.39180864436687035 0.4437928110756414 0.37066284481780676 0.4303123646699847 0.33683845435718646 0.48337023523496836 0.35798425390625005 0.4968506816406251
7 0.35592575976851953 0.49364132842556696 0.339968537109375 0.47332736328125 0.3041419355439805 0.5014702223556831 0.320099158203125 0.5217841875
7 0.35782676658188123 0.5555212622948865 0.34270536805144874 0.5420537666080774 0.3182824530320675 0.5694759867350658 0.33340385156249996 0.5829434824218751
7 0.4666922406818467 0.3882564567070613 0.43986664843750006 0.3754885058593751 0.4161243003337784 0.42537141633981385 0.44294989257812506 0.4381393671875001
7 0.4370702035917615 0.395105775355838 0.4049766972656251 0.3815212207031251 0.3952309633791192 0.4045455141110033 0.4273244697052556 0.41813006876371617
7 0.5458550403371755 0.38709210993866644 0.5285902480468752 0.38447749023437505 0.5242228151315748 0.4133164154519587 0.5414876074218751 0.4159310351562501
7 0.6177939772334688 0.5643972307931495 0.5913853457031251 0.5195825820312501 0.5739819926153662 0.5298381290852713 0.6003906241457101 0.5746527778471707
7 0.6206191982005035 0.5138511180788871 0.595523853515625 0.513380580078125 0.5948265303151216 0.5505711280148631 0.6199218750000001 0.5510416660156251
7 0.6341793015890387 0.6398955938339713 0.6178354453125001 0.5596463906250001 0.5975753273949984 0.5637726428760922 0.613919183671537 0.6440218460850634
7 0.610839581297755 0.6321157158219284 0.6046123789062501 0.5767628203125 0.5854795280772452 0.5789152665999466 0.59170673046875 0.634268162109375
7 0.6078668103431356 0.6266767389749186 0.58019738671875 0.625639134765625 0.5788830509849894 0.6606880598532064 0.606552474609375 0.6617256640625
7 0.4777189311805403 0.28061177088172023 0.47143591015624997 0.2536974804687501 0.4304385492882096 0.26326813146202993 0.4367215703124999 0.29018242187500004
7 0.3494299247408126 0.4284869291004985 0.33491948046875003 0.41927162695312503 0.3052443526029375 0.4659981783213766 0.319754796875 0.47521348046875006
7 0.3383103517124985 0.4666520718794651 0.32423956445312496 0.45895116796875 0.30141789633437654 0.500650017964285 0.31548868359375004 0.5083509218750001
7 0.3548351802957729 0.4371146084648028 0.3173254667968751 0.384642 0.29179925237396814 0.40288925352384425 0.32930896587286596 0.4553618619886471
7 0.3567872507790011 0.3519706723573902 0.34782478320312493 0.33441273437499996 0.31106171601787386 0.3531784799863597 0.32002418359374996 0.37073641796875
7 0.3690875046085814 0.309528913451815 0.3559847490677449 0.2998908293923797 0.3285840960216635 0.3371413925030648 0.3416868515625 0.3467794765625001
7 0.41587979015309795 0.32217712455921227 0.4080078125 0.27708333398437496 0.38200863172190214 0.2816219848157877 0.389880609375 0.326715775390625
7 0.37971405300766875 0.6336018828646524 0.3553768378906251 0.6253880722656251 0.33725515597670647 0.6790819413540979 0.36159237109375014 0.6872957519531251
7 0.3445751990275686 0.5842308691640832 0.31895619140625003 0.5815622226562501 0.31109922480055646 0.6569891054452921 0.33671823242187504 0.6596577519531251
7 0.4608290515405428 0.5625468192035097 0.45773168749999993 0.5203308847656248 0.42431652463133207 0.5227825401714902 0.42741388867187496 0.564998474609375
7 0.5100138881931746 0.4502046869478295 0.5093303515011054 0.4284810488300567 0.47790378557355573 0.42946988922597723 0.47858732226562495 0.45119352734375
7 0.5412390927328575 0.44109886383230024 0.5034754257812499 0.39857977343750006 0.4836323525796423 0.41620355608957493 0.5213960195312499 0.45872264648437505
7 0.4876641663489787 0.4583588900390604 0.4648394101562499 0.408764361328125 0.44432747427602104 0.4182045142578146 0.4671522304687499 0.46779904296874997
7 0.43038607799889306 0.41121881762373974 0.40868020117187503 0.38901962695312503 0.358226472782357 0.4383521647981353 0.379932349609375 0.46055135546875003
7 0.3244530433145316 0.5656455207764496 0.3215033203125 0.5236938984375001 0.3111170289607019 0.524424184438329 0.31406675196273354 0.5663758067772785
7 0.40175843942433537 0.5993058813711969 0.388958173828125 0.5882485097656251 0.3647716172162896 0.6162474194100532 0.3775718828125 0.6273047910156251