7 0.528515625 0.4583333339843751 0.4769531250000001 0.4583333339843751 0.4769531250000001 0.539236111328125 0.528515625 0.539236111328125
7 0.5312748297791843 0.6245199689165463 0.47062953906250005 0.49048112890625006 0.40926190068956586 0.5182466502240789 0.46990719140625004 0.6522854902343751
7 0.5628758105204329 0.6105735835112671 0.5240582763689793 0.5693299540424313 0.4500633779579214 0.6389722123280392 0.488880912109375 0.6802158417968751
7 0.532421875 0.5368055546875 0.4943359375000001 0.5368055546875 0.4943359375000001 0.58090277734375 0.532421875 0.58090277734375
7 0.5659403677609068 0.5244723983834277 0.531472068359375 0.5014935312500001 0.5172092474734682 0.5228877617728226 0.551677546875 0.5458666289062503
7 0.5826213315152667 0.4591239422511365 0.5334742166092206 0.45435751951305076 0.5270013050158289 0.5211004307775393 0.576148419921875 0.525866853515625
7 0.6379471981838178 0.5036961219953306 0.5792578125 0.45152777734375005 0.5486543633463545 0.48595665643947544 0.6073437490301724 0.5381250010910561
7 0.606652447526437 0.5950101258752614 0.5887517324218751 0.5068835332031251 0.5621267477860631 0.5122917334997388 0.580027462890625 0.6004183261718751
7 0.5932927254291 0.5759231778094854 0.5609374999999999 0.5184027773437501 0.5354182120708996 0.5327573768780146 0.5677734374999998 0.59027777734375
7 0.545921041015625 0.33487323046875017 0.508225728515625 0.29717791796875004 0.4427496757812499 0.362653970703125 0.48044498828124993 0.4003492832031251
7 0.5515856646603722 0.27636980619197676 0.526848349609375 0.2621651757812501 0.49454229041775266 0.3184260668548984 0.5192796054687498 0.33263069726562505
7 0.5368118373284039 0.29165718230988136 0.5016732734375 0.23751776367187508 0.4744423859067416 0.2551916564726716 0.5095809497976455 0.3093310751106779
7 0.5159835847845033 0.22472365419534965 0.4581164246843204 0.20366171053824994 0.4215516660716919 0.3041224645460253 0.47941882617187487 0.325184408203125
7 0.4587595819271411 0.271694823601051 0.411696169921875 0.26762202929687506 0.406278351666609 0.3302279439770741 0.45334176367187506 0.33430073828125006
7 0.45064199943705807 0.37009566614035366 0.43406883398437496 0.31444256640625007 0.4008476523724408 0.32433563870624327 0.41742081782512397 0.37998873844034686
7 0.43642869622193786 0.475417151155409 0.435728578125 0.41691836328125 0.3985912764345919 0.4173628254304628 0.3992913945315298 0.47586161330462184
7 0.4807391707031121 0.43795999698746535 0.47488423046875006 0.39985060546874995 0.4291899132812629 0.4068708565281597 0.435044853515625 0.4449802480468751
7 0.5720058779323102 0.29069304136853313 0.5251960390625 0.2872586230468751 0.5206985830051898 0.34855726917834207 0.567508421875 0.3519916875000001
7 0.39006779147559584 0.2819307730446054 0.3635505703125 0.27924590429687507 0.35611252883690425 0.35270803945539475 0.3826297500000001 0.3553929082031251
7 0.38687861863073664 0.37022618085719505 0.35722656249999996 0.32152777734375004 0.3364882457360531 0.33415516732732053 0.36614030186678975 0.38285357084076554
7 0.420915177590823 0.4009728320416266 0.39973305807458037 0.3657695948403006 0.3396697730618824 0.40191023936117404 0.36085189257812494 0.43711347656250005
7 0.3773925175664466 0.5385707576239726 0.34738750000000007 0.526886111328125 0.30987466993355356 0.6232153537041526 0.3398796875000001 0.6349000000000001
7 0.4482858891347853 0.5465134533990059 0.38504655468750004 0.5451959667968751 0.3834976089120899 0.6195453376166193 0.44673694335937514 0.6208628242187502
7 0.40432513859245905 0.5318899886303686 0.3728048152708963 0.5209141617140287 0.34998582511593734 0.5864456203492852 0.3815061484375001 0.5974214472656251
7 0.4189479405148592 0.5398962920557361 0.41856669335937496 0.49448558593749997 0.3778804286257657 0.49482716888176376 0.3782616757812499 0.5402378749999999
7 0.42298670271252675 0.49279706361801134 0.4075535703125 0.4591311894531249 0.35758579533434826 0.4820374500538635 0.373018927734375 0.5157033242187499
7 0.4123342473864183 0.4671396364689674 0.408903392578125 0.41224593554687505 0.36592889910555637 0.414931840215128 0.3693597539138496 0.46982554113722036
7 0.4344995975428797 0.4174590561677919 0.42801113671875 0.3754715136718749 0.3986555001133703 0.3800079282072081 0.40514396093750005 0.42199547070312504
7 0.4693128363732124 0.35726729562867826 0.4341409781212847 0.34514151481569255 0.4128552198730723 0.4068826664526393 0.448027078125 0.41900844726562503
7 0.48312350772804014 0.36556749638451513 0.45688419140625003 0.36228758203125 0.45175700789696 0.4033050524436099 0.47799632421875005 0.40658496679687506
7 0.6072355440324759 0.3423251392268965 0.5773691367187501 0.34162514453125004 0.5761473212018993 0.3937558822574786 0.6060137285156251 0.39445587695312506
7 0.6078375742802142 0.42238410234873713 0.563831966796875 0.41527208593750004 0.5576273339229108 0.45366325702626303 0.60163294140625 0.46077527343750013
7 0.5671856013885834 0.3936702629658721 0.5263932792968748 0.39151910546875 0.5233227404082913 0.4497456237528779 0.5641150624999999 0.45189678125
7 0.626759290999758 0.5425050842511242 0.6162109375 0.50625 0.594913067851333 0.512446578010681 0.6054614213510909 0.5487016622618053
7 0.6223614392197753 0.5742859283820569 0.622048099609375 0.5414201601562499 0.5980036740614746 0.541649397789818 0.5983170136718748 0.574515166015625
7 0.6243768497145843 0.5896347899364197 0.603638822265625 0.5746367519531252 0.5767138963791658 0.6118662784229556 0.5974519238281251 0.6268643164062501
7 0.5796098771650837 0.613794066586841 0.5755705624999999 0.560212712890625 0.5304860935490783 0.5636114765283162 0.534525408214162 0.6171928302245322
7 0.39151453995478824 0.4486420643984773 0.3587590585937501 0.4430717285156251 0.35087717684208697 0.48941989067964786 0.3836326582031251 0.4949902265625001
7 0.4853355963720424 0.43862020356185355 0.42489975195312507 0.43635385937500004 0.4221001067529578 0.5110110640162715 0.4825359511718751 0.5132774082031251
7 0.46208039716758825 0.49900985050936864 0.43359375000000006 0.4829861113281251 0.3976852278324117 0.5468234834750064 0.4261718749999999 0.56284722265625
7 0.39357015398084744 0.6285571449188666 0.38481757617187495 0.567822412109375 0.3597664316809112 0.5714325719177459 0.3685190094898837 0.6321673047272375
7 0.37081728089987065 0.6329279734041748 0.3694586171875 0.5757634765625 0.35004286753762937 0.5762249426114503 0.35140153125 0.6333894394531251
7 0.5819045174376257 0.38390488539879597 0.5303866445312501 0.33394816015624995 0.5069129102967492 0.35815544858557885 0.5584307832031249 0.40811217382812487
7 0.5413001126258341 0.40993286733862166 0.5352007675449932 0.36350160912278406 0.4839741666379092 0.37023088436228746 0.4900735117187501 0.41666214257812506
7 0.6060706064321677 0.35825287964991065 0.59830726953125 0.28204465625 0.5577342217128927 0.28617783539076086 0.5654975586138103 0.3623860587906715
7 0.546579678532439 0.4308185105132249 0.48439588476562506 0.3887046210937501 0.45968424529568597 0.42519290354927536 0.5218680390625 0.46730679296875016
7 0.5604240074157488 0.48485101348401183 0.525 0.4218750000000001 0.49621661758425106 0.43806565253161334 0.5316406249999999 0.501041666015625
7 0.3691222701515415 0.3764078098675191 0.3412267089843749 0.37107870507812496 0.3283386048484584 0.43854236200748087 0.35623416601562496 0.443871466796875
7 0.3550072173494351 0.4302613726369013 0.3337944022471638 0.42915140028337273 0.33248031966335373 0.45426499053709646 0.35369313476562503 0.455374962890625
7 0.5860398715745748 0.40557616012431 0.581662365234375 0.35421341992187494 0.5567721381910502 0.35633474612568994 0.56114964453125 0.407697486328125
7 0.6153645674513721 0.4292360939251511 0.576677390625 0.387969771484375 0.5607383739548779 0.402912599434224 0.59942555078125 0.4441789218750001
7 0.41633616073066565 0.2674408565230591 0.38931497461697473 0.2657520330815298 0.38461181779255915 0.34100257304284576 0.4116330039062501 0.3426913964843751
7 0.3824399190741924 0.5441959209519605 0.37001075390624993 0.4762073281249999 0.32549270558029897 0.48434578418932767 0.3379218707482414 0.5523343770162882
7 0.5067676395194957 0.46623282481016304 0.493278953125 0.42626633984375006 0.4697833704458526 0.43419609765661005 0.48327205684034824 0.474162582623023
7 0.564828027758942 0.546936494633939 0.5321623496093751 0.5385844746093751 0.5175965230223082 0.5955530405223111 0.5502622011718751 0.603905060546875