7 0.5549337246850073 0.2933080471294916 0.547766453125 0.25356808789062507 0.49574048820561767 0.26295119310488346 0.502907759765625 0.30269115234375
7 0.5883501304323018 0.30142850237923474 0.5431233183593749 0.265195658203125 0.476672705505198 0.34814110308951535 0.5218995175781249 0.38437394726562507
7 0.4827153720883747 0.3352303041082189 0.4523747343749998 0.26978442578125006 0.4190000236507133 0.28525690522167024 0.44934066136408823 0.3507027835486391
7 0.5077099852880067 0.37783083251264366 0.47309420507812494 0.30843560351562505 0.43876940729011826 0.3255575249092315 0.47338518749999997 0.3949527539062501
7 0.5229583147138701 0.3802383876498252 0.4976777753906251 0.32686835937500003 0.47977795872362994 0.33534721977204984 0.505058498046875 0.38871724804687513
7 0.5161979785887371 0.4187159049074537 0.5144193339843749 0.37071046093749993 0.4733057694581378 0.37223375524879626 0.47508441406249996 0.42023919921875
7 0.5471111056977251 0.5031739695000887 0.517460515625 0.39639805078124996 0.4539858846764764 0.4140243122534459 0.4836364747492016 0.5208002309722847
7 0.5963473155400894 0.6126928061857891 0.5126316914062501 0.47354488476562506 0.4518127762567858 0.5101353949860861 0.5355284003906251 0.6492833164062501
7 0.6188378815634301 0.5098263791630092 0.5474459140625 0.42521367578125013 0.5002125989053199 0.465066784899491 0.57160456640625 0.5496794882812501
7 0.5967066597310864 0.4432799968993312 0.5438091425781248 0.3562058925781252 0.5051648207376634 0.3796823175537942 0.5580623378906249 0.4667564218750002
7 0.6071243205591674 0.4728831770591324 0.574023923828125 0.41015812499999993 0.5487585935033326 0.42349079559711744 0.581858990234375 0.4862158476562499
7 0.578748393523787 0.28933968940586585 0.559774791015625 0.23686948437500002 0.533396940460588 0.24640790434413415 0.55237054296875 0.29887810937500003
7 0.4310895932265202 0.2131290765655806 0.3924704257812501 0.20899130859375004 0.3823147427109799 0.30377768320004456 0.42093391015625004 0.30791545117187513
7 0.48286235696019103 0.5288048085299221 0.4218359375000001 0.524513888671875 0.4156592778054342 0.612359720766953 0.47668569726562515 0.6166506406250001
7 0.42877014188939727 0.6213183758695372 0.42759550390625 0.5565827851562501 0.37285042451685274 0.5575761436617128 0.3740250625 0.6223117343749999
7 0.4290440735520902 0.5613335182396105 0.42339172851562495 0.4971097636718749 0.37607013543228474 0.5012745462135144 0.38172248046874996 0.56549830078125
7 0.4599535213709172 0.45823676254378887 0.435628126953125 0.4250600898437501 0.3776969825353328 0.4675356554249613 0.402022376953125 0.500712328125
7 0.40686793094995405 0.517443439305545 0.39761029492187494 0.443382353515625 0.34068721748754593 0.45049773842883 0.34994485351562504 0.52455882421875
7 0.40410598243499823 0.5065183322906034 0.38757048046875 0.493895248046875 0.3601574394400017 0.5298047282562718 0.37669294140625 0.5424278125000002
7 0.4401904347439431 0.3778469316419855 0.39607564843750004 0.37707147656250006 0.395050610177932 0.43538477538926457 0.4391653964843751 0.43616023046875
7 0.46263623191920256 0.3852226686016826 0.454960201171875 0.33746069140625007 0.42574820172372463 0.34215547623555903 0.4334242324710522 0.38991745343099155
7 0.4906100181897336 0.3823809170658593 0.44672024667734367 0.37124711488695716 0.4223517421594851 0.46730846735234793 0.46624151367187505 0.47844226953125
7 0.6006249382147522 0.6377626583309782 0.578167078125 0.5755356699218751 0.4975997727227479 0.6046125916690219 0.5200576328125001 0.666839580078125
7 0.5917417618819418 0.5721400855180035 0.568405681640625 0.5054011542968749 0.540955279133683 0.5149995219038713 0.5642913593749999 0.5817384531249999
7 0.3992907676228458 0.5307676212525569 0.36359768945312493 0.50438023828125 0.29441024214277906 0.5979671228880681 0.33010332031249995 0.624354505859375
7 0.397265625 0.323611111328125 0.3765625 0.323611111328125 0.3765625 0.3413194453125 0.397265625 0.3413194453125
7 0.447808403911255 0.3655461064156026 0.42468593749999994 0.3209527773437501 0.353733783588745 0.35774278225627265 0.37685625 0.40233611132812513
7 0.48459200406831204 0.27840274544000154 0.46212411523437497 0.20650550390625005 0.4421952889004379 0.21273326237249857 0.464663177734375 0.28463050390625005
7 0.4852140083292931 0.1791767591969226 0.466098248046875 0.17086791992187506 0.44204686667070686 0.2262018150218275 0.461162626953125 0.23451065429687507
7 0.5579517910995977 0.26469534816701756 0.49685212499999987 0.15911208203125002 0.44124408243725427 0.19129173471093722 0.502343748536852 0.2968750008467048
7 0.557341655121205 0.25782353637387534 0.531039703125 0.21562636523437503 0.5146924118315428 0.22581580825289074 0.5409943638277477 0.2680129793923911
7 0.4081317754884806 0.4584343229776789 0.40730229687499997 0.41036141210937493 0.36532620107401936 0.41108569264732103 0.3661556796875 0.459158603515625
7 0.3799469321230625 0.3984993400649807 0.35535871289062504 0.3924043789062501 0.3391024487363125 0.4579852048568944 0.36369066796875005 0.4640801660156251
7 0.3717868874027891 0.44556550157307595 0.34789681054687493 0.43155549609375 0.3176929290034609 0.4830596195206741 0.34158300585937507 0.49706962500000007
7 0.3529420632243265 0.5126740075597679 0.35061250390625 0.47991899609375 0.32338403052567355 0.48185550415898226 0.32571358984375004 0.5146105156250002
7 0.3334562700809072 0.5020903430245605 0.3166534921875001 0.49441094726562507 0.3003167064815929 0.5301563874441896 0.31711948437500004 0.537835783203125
7 0.35638214067368634 0.5049734170872715 0.3382812500000001 0.4947916660156251 0.3137350468263137 0.5384293602564787 0.33183593750000007 0.5486111113281251
7 0.3375012707326029 0.5359261272532956 0.32089249819549936 0.5311595795602518 0.3127384481660215 0.5595719171507064 0.32934722070312505 0.5643384648437502
7 0.46018959868726267 0.47146827679493036 0.4097987128906251 0.4707933984375 0.40909698529711247 0.5231890259394447 0.45948787109375006 0.523863904296875
7 0.38143840949919594 0.5608441534856351 0.3561399862382641 0.5596777304646069 0.35342961580156823 0.6184626629164718 0.3787280390625001 0.6196290859375
7 0.3679687500000001 0.6 0.3339843750000001 0.6 0.3339843750000001 0.63090277734375 0.3679687500000001 0.63090277734375
7 0.48975303517370616 0.47367088179482164 0.4650070234375001 0.46503461328125006 0.44075041209191895 0.5345385185958035 0.465496423828125 0.5431747871093751
7 0.6027731928474442 0.49927322462360235 0.5822843750000002 0.4971777773437501 0.578179932152556 0.5373101074076478 0.5986687500000001 0.5394055546875002
7 0.6034865372451306 0.5967974322300129 0.5864182695312499 0.5512820507812501 0.5654137029892443 0.5591587630824874 0.582481970703125 0.6046741445312501
7 0.6350658540683854 0.5208161877389514 0.6008415585937501 0.446817708984375 0.5660952017074244 0.4628878985985256 0.6003194971820598 0.5368863773531021
7 0.6516313447999333 0.5234870727214106 0.6256321875 0.43920222265625 0.6004570927000665 0.44696792727858936 0.6264562499999999 0.53125277734375
7 0.6189709796632712 0.4545805123767791 0.5891562500000002 0.3780192304687501 0.564447770336729 0.3876412825450961 0.5942624999999999 0.46420256445312513
7 0.6309052453658655 0.40713242104061126 0.6016632187500001 0.40653428906250016 0.6006769597122598 0.454751428568764 0.6299189863281252 0.4553495605468751
7 0.42760817536797047 0.3445798080889411 0.382224435546875 0.22127304882812499 0.3170258793195295 0.24526974073918384 0.362409619140625 0.3685765
7 0.6186804365741667 0.37322674404990086 0.570408669921875 0.3092049296875 0.5430774511588268 0.32981237775175576 0.5913492178111185 0.3938341921141566
7 0.5844887855681382 0.351757037334428 0.5299999999999999 0.341736111328125 0.5215953140412366 0.38743659157182203 0.5760840996093749 0.397457517578125
7 0.6081679865882523 0.27143042578308996 0.5590418203125 0.26452205859375 0.5496445134117478 0.3313473515606601 0.5987706796875001 0.33825571875000005
7 0.622064809439613 0.34702659902496613 0.6149835820312503 0.2740112578125 0.5927252628442115 0.27616993045956334 0.5998064902525742 0.34918527167202945
7 0.6273568096417397 0.5798334606081297 0.60776459375 0.5171383652343751 0.5807578707755757 0.5255779655554047 0.6003500866673154 0.5882730609291593
7 0.6390046157026013 0.6163239340200994 0.6235466367187501 0.5629787539062499 0.6033552358598988 0.5688296714486505 0.61881321484375 0.6221748515625001
7 0.38952525690898276 0.390286956450687 0.385096701171875 0.3308573144531251 0.3169407059816423 0.33593613729931315 0.3213692617187501 0.395365779296875
7 0.3576285482907772 0.36025065650980015 0.3267019609375 0.34729603515625007 0.29245358061547283 0.42905724583395 0.3233801679687501 0.4420118671875001
7 0.3703110660657598 0.39342598398968 0.3532297988281249 0.38210201953125 0.3281991155748651 0.41985874257282 0.34528038281249995 0.43118270703125
7 0.34359187693816795 0.47670564779583985 0.32890234765625004 0.4653985761718751 0.3059943222805821 0.4951594303291603 0.3206838515625 0.506466501953125
7 0.4749565319113789 0.2983038723281358 0.4554059160156251 0.21620626171875001 0.41017383136987123 0.22697777024998927 0.42972444726562503 0.3090753808593751
7 0.6107523501167037 0.3917385494090284 0.60660186328125 0.3327093359375001 0.5920726049614213 0.33373092324722153 0.596223091796875 0.3927601367187499
7 0.6404458936075235 0.5742255539502958 0.61663023828125 0.50366066015625 0.5988122388129269 0.5096742359037006 0.6226278941392004 0.5802391296977465