4 0.23433534019543714 0.5941325828113605 0.03774144072420115 0.5684488761864722 0.017467091252685706 0.7236372794828032 0.21406099072392168 0.7493209861076915
4 0.4357760679638364 0.4422195316110811 0.2867014509608594 0.3594648253799277 0.19652415500077866 0.5219105214598976 0.34559877200375566 0.6046652276910511
4 0.6101003478888827 0.34452453732496086 0.4835526692243454 0.15595183261150836 0.3224589433354627 0.2640588732865476 0.44900662199999986 0.4526315780000001
4 0.5599848755388924 0.5920082639172665 0.43006873088578895 0.45630938488510076 0.2673658981179209 0.6120787243822209 0.3972820427710243 0.7477776034143866
4 0.27421354324849123 0.3942003774890827 0.14808827323064144 0.3016744829650433 0.07842154807508206 0.3966396229045589 0.20454681809293188 0.4891655174285983
4 0.31707084420713405 0.5966073414688139 0.22840773729085986 0.45567966647777275 0.12212985069848625 0.522543237613636 0.2107929576147604 0.663470912604677
4 0.23167924682497784 0.5201518763423507 0.05695984552236473 0.35012418961068226 -0.033876532909227874 0.4434670913529867 0.14084286839338522 0.6134947780846552
4 0.6521435732076077 0.9613988958678841 0.6294793466914859 0.7332556712286515 0.3929154260730181 0.7567564273476076 0.4155796525891399 0.9848996519868403
4 0.9997720978218672 0.03426993062369629 0.6870128792041277 0.007781787577047524 0.6345158480228494 0.6276414139423996 0.947275066640589 0.6541295569890484
4 0.7274914658367408 0.47170842082319037 0.638491837704858 0.362396433226753 0.5324158027309872 0.4487614136279216 0.6214154308628701 0.5580734012243589
4 0.9238815654474641 0.5848828199888841 0.8290238615100471 0.568172789833505 0.7867017529530002 0.8084223887978278 0.8815594568904173 0.825132418953207
4 0.8126477820599604 0.561630609161182 0.7082681752171417 0.4786762767660382 0.6744283382602858 0.5212561972499558 0.7788079451031046 0.6042105296450997
4 0.6556291400000002 0.7852631579999999 0.6136398424904747 0.576141727690953 0.5153345777816067 0.5958803503682805 0.5573238752911323 0.8050017806773273