6 0.9955411764705882 0.5084352941176471 0.8468470588235294 0.41381176470588243 0.747529411764706 0.5698823529411766 0.8962235294117648 0.6645058823529413
6 0.9367957405614714 0.6584878993223623 0.779109390125847 0.5278334946757021 0.5833804453049369 0.7640580832526623 0.7410667957405614 0.8947124878993226
6 0.9900540540540543 0.6636756756756759 0.8833513513513515 0.6458918918918921 0.8538918918918921 0.8226486486486487 0.9605945945945948 0.8404324324324326
6 0.26145704162976086 0.8277829937998228 0.2327874224977856 0.6352869796279892 0.053529672276350734 0.6619849424269264 0.08219929140832595 0.8544809565987599
6 0.3278620689655173 0.5996551724137932 0.23724137931034484 0.37310344827586206 -0.021379310344827616 0.47655172413793107 0.06924137931034482 0.7031034482758621
6 0.3376107382550336 0.5791275167785236 0.22489932885906053 0.5624295302013425 0.18758389261744976 0.8143087248322148 0.30029530201342286 0.831006711409396
6 0.5730036227357902 0.29625509056839483 0.3582578388507183 0.18208644597126797 0.16949131792629604 0.5371472829481574 0.3842371018113679 0.6513159275452842
6 0.7175196587273374 0.4016709562744403 0.48067984358336296 0.29421585495911845 0.2991655883398507 0.6942880910060433 0.5360054034838252 0.801743192321365
6 0.8338117647058824 0.44715294117647075 0.7789411764705881 0.4122352941176472 0.6970823529411764 0.5408705882352942 0.7519529411764706 0.5757882352941177
6 0.7723078149125865 0.5081421527120586 0.646429845096379 0.45625352393285856 0.5225555610898043 0.7567633610599194 0.6484335309060119 0.8086519898391195
6 0.7669756097560975 0.472780487804878 0.6854926829268292 0.29623414634146344 0.5969658536585364 0.3370926829268293 0.6784487804878047 0.5136390243902439