0 0.6750980398823531 0.49905882352941183 0.627607843764706 0.30909803905882355 0.4807843143529412 0.34580392141176475 0.5282745104705884 0.535764705882353
0 0.7714041291366034 0.27904847400783406 0.7225182853929635 0.06543860085018463 0.5968607838911872 0.09419604025514343 0.6457466276348272 0.30780591341279284
0 0.8254145512626855 0.5028629444753936 0.819079460454372 0.27955093765434025 0.6775479736496148 0.28356601429042205 0.6838830644579283 0.5068780211114754
0 0.9864796380090498 0.4540723981900453 0.9760324283574662 0.23468099550678734 0.8277021122805431 0.2417443438914027 0.8381493219321268 0.46113574657466067
0 0.892 0.53 0.751333334 0.53 0.751333334 0.733 0.892 0.733
0 0.8570426783695849 0.7103262788306126 0.7077672101016186 0.6736621182542366 0.6522060924652884 0.8998751754269892 0.8014815607332547 0.9365393360033653
0 0.6722101173929961 0.7530285342879377 0.6579325557898833 0.5245875486381323 0.5060051880700389 0.5340830091206225 0.5202827496731517 0.7625239947704279
0 0.4526929504456492 0.8786556647645788 0.4493140184205065 0.6657833729251555 0.3095397116374077 0.6680020171526428 0.3129186436625504 0.8808743089920661
0 0.3473333340000001 0.578 0.21666666600000004 0.578 0.2166666660000001 0.771 0.3473333340000001 0.771
0 0.2327380298891538 0.7011815917915372 0.11941492592410032 0.672295305944637 0.07070324626983092 0.8633949428806724 0.18402635023488437 0.8922812287275725
0 0.22198198135135142 0.509108107891892 0.10425225162162167 0.4894864862702703 0.07209008945945952 0.6824594592432434 0.18981981918918928 0.702081080864865
0 0.10400000000000005 0.35 4.3168799669944204e-17 0.35 5.608882340094878e-17 0.561 0.10400000000000005 0.561
0 0.20224225592193315 0.2190315985985131 0.0569033457249071 0.20007434944237923 0.029250929356877356 0.4120762082639406 0.1745898395539034 0.43103345742007443
0 0.3744295360593414 0.21751630613385634 0.23477076644447448 0.2150661547311177 0.23123702637747923 0.4164895399732243 0.3708957959923461 0.41893969137596293
0 0.5042248740715836 0.41079392643600876 0.37654519100433853 0.3711691972082431 0.31615148173535806 0.5657711492971802 0.4438311648026031 0.6053958785249459